   1037664 203841.3227 455456.0836     5     7
   1037870 203841.3210 455456.0831     5     7
   1038068 203841.3204 455456.0840     5     7
   1038270 203841.3218 455456.0838     5     7
   1038467 203841.3229 455456.0836     5     7
   1038668 203841.3228 455456.0805     5     7
   1038862 203841.3231 455456.0838     5     7
   1039064 203840.8638 455456.5828     5     7
   1039270 203840.8352 455456.7103     5     7
   1039464 203840.7441 455456.6950     5     7
   1039676 203840.8996 455456.5911     5     7
   1039868 203840.7849 455456.6518     5     7
   1040067 203840.7153 455456.6487     5     7
   1040263 203840.6934 455456.6418     5     7
   1040470 203840.6779 455456.6195     5     7
   1040663 203840.6657 455456.5900     5     7
   1040866 203840.6510 455456.5539     5     7
   1041067 203840.6339 455456.5136     5     7
   1041267 203840.6218 455456.4767     5     7
   1041467 203840.6141 455456.4441     5     7
   1041663 203840.6134 455456.4189     5     7
   1041866 203840.6153 455456.3971     5     7
   1042068 203840.6116 455456.3708     5     7
   1042266 203840.6051 455456.3433     5     7
   1042468 203840.5992 455456.3177     5     7
   1042664 203840.5990 455456.2981     5     7
   1042866 203840.6003 455456.2818     5     7
   1043064 203840.6038 455456.2677     5     7
   1043268 203840.6130 455456.2598     5     7
   1043467 203840.6205 455456.2506     5     7
   1043667 203840.6265 455456.2416     5     7
   1043863 203840.6315 455456.2323     5     7
   1044068 203840.6362 455456.2237     5     7
   1044265 203840.6401 455456.2145     5     7
   1044468 203840.6430 455456.2055     5     7
   1044667 203840.6364 455456.1889     5     7
   1044866 203840.6224 455456.1657     5     7
   1045070 203840.7938 455456.4371     5     7
   1045267 203840.6698 455456.4635     5     7
   1045467 203840.6059 455456.4501     5     7
   1045666 203840.5415 455456.3991     5     7
   1045867 203840.4826 455456.3364     5     7
   1046065 203840.4442 455456.2844     5     7
   1046267 203840.4193 455456.2389     5     7
   1046466 203840.4024 455456.1982     5     7
   1046667 203840.3730 455456.1487     5     7
   1046862 203840.3355 455456.0937     5     7
   1047064 203840.5425 455456.2166     5     7
   1047270 203840.5451 455456.2201     5     7
   1047480 203840.3874 455456.2189     5     7
   1047669 203840.2786 455456.1671     5     7
   1047875 203840.1990 455456.1015     5     7
   1048063 203840.1598 455456.0508     5     7
   1048279 203840.1396 455456.0093     5     7
   1048470 203840.1300 455455.9742     5     7
   1048664 203840.1050 455455.9261     5     7
   1048870 203840.0714 455455.8712     5     7
   1049074 203840.0496 455455.8264     5     7
   1049263 203840.0355 455455.7898     5     7
   1049471 203840.0270 455455.7597     5     7
   1049665 203840.0078 455455.7213     5     7
   1049875 203839.9805 455455.6774     5     7
   1050075 203839.9611 455455.6414     5     7
   1050265 203839.9480 455455.6120     5     7
   1050466 203839.9397 455455.5879     5     7
   1050665 203839.9229 455455.5568     5     7
   1050860 203839.8991 455455.5204     5     7
   1051067 203839.8813 455455.4898     5     7
   1051269 203839.8688 455455.4643     5     7
   1051465 203839.8604 455455.4436     5     7
   1051665 203839.8442 455455.4159     5     7
   1051866 203839.8211 455455.3834     5     7
   1052065 203839.8038 455455.3556     5     7
   1052265 203839.7905 455455.3323     5     7
   1052469 203839.7817 455455.3129     5     7
   1052672 203839.7647 455455.2868     5     7
   1052864 203839.7424 455455.2552     5     7
   1053070 203839.7236 455455.2287     5     7
   1053264 203839.7101 455455.2078     5     7
   1053468 203839.8622 455455.6468     5     7
   1053668 203839.3360 455455.1575     1     9
   1053870 203838.6859 455454.7701     5     7
   1054067 203838.5823 455454.6839     5     7
   1054266 203838.6136 455454.6601     5     7
   1054469 203838.7061 455454.6619     5     7
   1054665 203838.8241 455454.6712     5     7
   1054869 203838.9444 455454.6753     5     7
   1055066 203839.0735 455454.6838     5     7
   1055268 203840.0606 455455.3879     1     9
   1055466 203840.1749 455455.4309     1     9
   1055667 203839.5075 455454.9200     5     7
   1055865 203841.2296 455455.3116     5     7
   1056069 203841.3551 455455.2823     5     7
   1056267 203841.4524 455455.2316     5     7
   1056470 203841.5503 455455.1756     5     7
   1056665 203841.6564 455455.1007     5     7
   1056862 203841.7439 455455.0124     5     6
   1057069 203841.8406 455454.9364     5     7
   1057265 203841.9311 455454.8396     5     7
   1057472 203842.0020 455454.7593     5     7
   1057663 203842.0528 455454.6435     5     7
   1057868 203842.1069 455454.5307     5     7
   1058065 203842.1554 455454.4163     5     7
   1058267 203842.1906 455454.3027     5     7
   1058466 203842.2240 455454.1507     5     7
   1058666 203842.2663 455454.0059     5     7
   1058868 203842.3085 455453.8530     5     7
   1059066 203842.3524 455453.7129     5     7
   1059270 203842.4053 455453.5404     5     7
   1059471 203842.4764 455453.3545     5     7
   1059668 203842.5381 455453.1708     5     7
   1059865 203842.6002 455452.9896     5     7
   1060068 203842.6663 455452.8207     5     7
   1060266 203842.7183 455452.6674     5     7
   1060466 203842.7689 455452.5032     5     7
   1060665 203842.8109 455452.3568     5     7
   1060867 203842.8494 455452.2005     5     7
   1061068 203842.8944 455452.0207     5     7
   1061270 203842.9496 455451.8342     5     7
   1061472 203842.9809 455451.6552     5     7
   1061666 203843.0204 455451.4977     5     7
   1061865 203843.0715 455451.3127     5     7
   1062067 203843.1274 455451.1189     5     7
   1062270 203843.1775 455450.9302     5     7
   1062467 203843.1822 455450.7596     5     7
   1062664 203843.1902 455450.5992     5     7
   1062867 203843.1945 455450.4276     5     7
   1063065 203843.2314 455450.2615     5     7
   1063268 203843.2295 455450.1010     5     7
   1063470 203843.2093 455449.9527     5     7
   1063669 203843.1816 455449.8343     5     7
   1063864 203843.1463 455449.6901     5     5
   1064068 203843.1090 455449.5307     5     6
   1064265 203843.0573 455449.3335     5     6
   1064465 203843.0483 455449.1265     5     6
   1064663 203843.0028 455448.9502     5     6
   1064867 203842.9077 455448.8014     5     7
   1065071 203842.8523 455448.6619     5     7
   1065267 203842.8055 455448.5028     5     7
   1065469 203842.6910 455448.3713     5     7
   1065667 203842.6256 455448.1917     5     7
   1065866 203842.5662 455448.0252     5     7
   1066068 203842.5030 455447.8192     5     7
   1066266 203842.4511 455447.6564     5     7
   1066469 203842.4210 455447.4783     5     7
   1066665 203842.3936 455447.3123     5     7
   1066870 203842.3385 455447.1254     5     7
   1067065 203842.3145 455446.9105     5     7
   1067268 203842.2357 455446.7444     5     7
   1067467 203842.1626 455446.5773     5     7
   1067667 203842.0938 455446.4223     5     7
   1067869 203841.9960 455446.2435     5     7
   1068069 203841.9160 455446.0865     5     7
   1068266 203841.8283 455445.9405     5     7
   1068468 203841.7744 455445.7942     5     7
   1068669 203841.6734 455445.6308     5     7
   1068869 203841.5912 455445.4546     5     7
   1069070 203841.5252 455445.2555     5     7
   1069267 203841.4761 455445.0881     5     7
   1069472 203841.4022 455444.9478     5     7
   1069667 203841.3604 455444.7654     5     7
   1069871 203841.3288 455444.5838     5     7
   1070065 203841.2557 455444.4014     5     7
   1070267 203841.1995 455444.2088     5     7
   1070467 203841.1609 455444.0236     5     7
   1070665 203841.1053 455443.8824     5     7
   1070868 203841.0714 455443.7029     5     6
   1071069 203841.0427 455443.5297     5     6
   1071267 203840.9992 455443.3510     5     6
   1071464 203840.9517 455443.1759     5     6
   1071666 203840.9367 455442.9993     5     6
   1071869 203840.9032 455442.8419     5     6
   1072064 203840.8415 455442.6660     5     6
   1072265 203840.7861 455442.4706     5     6
   1072464 203840.7388 455442.2649     5     6
   1072663 203840.7047 455442.0913     5     6
   1072862 203840.6745 455441.9245     5     6
   1073068 203840.6011 455441.7652     5     6
   1073263 203840.5643 455441.6016     5     6
   1073467 203840.5549 455441.4355     5     6
   1073667 203840.5065 455441.2552     5     6
   1073864 203840.4695 455441.0612     5     6
   1074061 203840.4560 455440.8641     5     6
   1074263 203840.4341 455440.6945     5     6
   1074462 203840.4055 455440.5042     5     6
   1074669 203840.4068 455440.3323     5     6
   1074871 203840.7629 455440.4214     5     6
   1075064 203840.7287 455440.2720     5     6
   1075269 203840.7116 455440.0760     5     6
   1075466 203840.7414 455439.9477     5     6
   1075669 203840.7652 455439.8086     5     6
   1075868 203840.7909 455439.6709     5     6
   1076067 203840.4907 455439.3821     5     6
   1076265 203840.4145 455439.2062     5     6
   1076465 203840.3738 455439.0849     5     6
   1076665 203840.3102 455438.9502     5     6
   1076865 203840.2464 455438.8027     5     6
   1077065 203840.2028 455438.6215     5     6
   1077266 203840.1419 455438.4131     5     6
   1077470 203840.0910 455438.2318     5     6
   1077665 203840.0512 455438.0613     5     6
   1077866 203840.0209 455437.8965     5     6
   1078062 203839.9961 455437.7163     5     6
   1078267 203840.0006 455437.5435     5     6
   1078466 203839.9728 455437.3487     5     6
   1078666 203839.9611 455437.1462     5     6
   1078866 203839.9831 455436.9540     5     6
   1079073 203840.0007 455436.7816     5     6
   1079267 203840.0113 455436.6049     5     6
   1079464 203840.0393 455436.4326     5     6
   1079666 203840.0576 455436.2486     5     6
   1079863 203840.1040 455436.0649     5     6
   1080066 203840.1524 455435.8814     5     6
   1080267 203840.1994 455435.6938     5     6
   1080466 203840.2721 455435.5036     5     6
   1080663 203840.3093 455435.3346     5     6
   1080861 203840.4058 455435.1663     5     6
   1081065 203840.4315 455435.0361     5     6
   1081266 203840.4895 455434.8498     5     6
   1081471 203840.5718 455434.7154     5     6
   1081665 203840.6644 455434.5659     5     6
   1081869 203840.7293 455434.3987     5     6
   1082063 203840.8424 455434.2386     5     6
   1082269 203840.9582 455434.0735     5     6
   1082462 203841.1058 455433.9033     5     6
   1082664 203841.2117 455433.7330     5     6
   1082867 203841.3039 455433.6005     5     6
   1083065 203841.4082 455433.4982     5     6
   1083267 203841.5214 455433.3485     5     6
   1083467 203841.6360 455433.2105     5     6
   1083665 203841.8021 455433.0920     5     6
   1083863 203841.9251 455432.9586     5     6
   1084065 203842.0505 455432.7913     5     6
   1084264 203842.1825 455432.6730     5     6
   1084466 203842.3328 455432.5613     5     6
   1084666 203842.4337 455432.4683     5     6
   1084863 203842.5832 455432.3188     5     6
   1085068 203842.7344 455432.2046     5     6
   1085262 203842.8974 455432.1043     5     6
   1085466 203843.0364 455431.9897     5     6
   1085665 203843.2181 455431.8982     5     6
   1085863 203843.4004 455431.8084     5     6
   1086064 203843.5571 455431.6959     5     6
   1086273 203843.7069 455431.6248     5     6
   1086465 203843.8389 455431.5598     5     6
   1086665 203843.9784 455431.4849     5     6
   1086865 203844.1305 455431.3768     5     6
   1087064 203844.3109 455431.2748     5     6
   1087266 203844.4890 455431.1637     5     6
   1087472 203844.6460 455431.0595     5     6
   1087664 203844.7945 455430.9487     5     6
   1087864 203844.9229 455430.8635     5     6
   1088064 203845.0447 455430.7593     5     6
   1088264 203845.1767 455430.6476     5     6
   1088466 203845.2863 455430.5156     5     6
   1088670 203845.4247 455430.3843     5     6
   1088864 203845.5907 455430.2399     5     6
   1089064 203845.7387 455430.0967     5     6
   1089264 203845.8811 455429.9756     5     6
   1089467 203846.0277 455429.8552     5     6
   1089669 203846.1655 455429.7524     5     6
   1089868 203846.3099 455429.6384     5     6
   1090063 203846.4550 455429.5362     5     6
   1090266 203846.6029 455429.4517     5     6
   1090465 203846.7516 455429.3627     5     6
   1090663 203846.9088 455429.2500     5     6
   1090865 203847.0879 455429.1950     5     6
   1091062 203847.2769 455429.1287     5     6
   1091266 203847.4467 455429.0678     5     6
   1091464 203847.6185 455428.9759     5     6
   1091664 203847.7834 455428.9483     5     6
   1091865 203848.5066 455429.0924     5     6
   1092068 203848.6456 455429.0062     5     6
   1092262 203848.8359 455428.9909     5     6
   1092481 203849.0165 455428.9749     5     6
   1092660 203849.1795 455428.9382     5     6
   1092865 203849.3908 455428.8961     5     6
   1093069 203849.5707 455428.8829     5     6
   1093265 203849.7724 455428.8388     5     6
   1093466 203849.9391 455428.8157     5     6
   1093663 203850.1197 455428.7842     5     6
   1093871 203850.2989 455428.7663     5     6
   1094063 203850.4967 455428.7837     5     6
   1094266 203850.6577 455428.7560     5     6
   1094464 203850.8413 455428.7586     5     6
   1094663 203851.0172 455428.7785     5     6
   1094865 203851.1899 455428.8016     5     6
   1095066 203851.3258 455428.8088     5     6
   1095264 203852.6685 455429.0545     5     6
   1095468 203851.6738 455428.8794     5     6
   1095665 203851.9075 455428.9413     5     6
   1095870 203852.4713 455429.1111     5     6
   1096067 203852.6807 455429.1483     5     6
   1096267 203852.8636 455429.2129     5     6
   1096466 203853.0077 455429.3178     5     6
   1096663 203853.1671 455429.3501     5     6
   1096861 203853.2836 455429.4148     5     6
   1097072 203853.4323 455429.5461     5     6
   1097262 203853.6283 455429.6069     5     6
   1097467 203853.7663 455429.7378     5     6
   1097661 203853.9005 455429.8418     5     6
   1097862 203854.2232 455430.0836     5     6
   1098064 203854.3410 455430.2268     5     6
   1098265 203854.4216 455430.3941     5     6
   1098465 203854.5227 455430.5365     5     6
   1098663 203854.6097 455430.6760     5     6
   1098870 203854.6845 455430.8591     5     6
   1099072 203854.7375 455430.9938     5     6
   1099265 203854.7743 455431.1139     5     6
   1099470 203854.8403 455431.2383     5     6
   1099665 203854.8491 455431.4072     5     6
   1099862 203854.9529 455431.6044     5     6
   1100075 203854.9186 455431.7439     5     6
   1100265 203854.9079 455431.8895     5     6
   1100465 203854.8491 455432.0547     5     6
   1100663 203854.8177 455432.2224     5     6
   1100868 203854.7328 455432.4069     5     6
   1101066 203854.6525 455432.5880     5     6
   1101263 203854.5919 455432.7435     5     6
   1101469 203854.5112 455432.9019     5     6
   1101664 203854.4515 455433.0812     5     6
   1101870 203854.4076 455433.2508     5     6
   1102062 203854.3519 455433.4235     5     6
   1102268 203854.2938 455433.5758     5     6
   1102465 203854.2253 455433.7547     5     6
   1102662 203854.1948 455433.9422     5     6
   1102864 203854.1480 455434.1236     5     6
   1103062 203854.1005 455434.2835     5     6
   1103273 203854.1090 455434.4822     5     6
   1103463 203854.1403 455434.6627     5     6
   1103666 203854.1468 455434.8225     5     6
   1103864 203854.2833 455435.0545     5     6
   1104064 203854.3359 455435.2271     5     6
   1104266 203854.4212 455435.3945     5     6
   1104464 203854.5270 455435.5538     5     6
   1104667 203854.5695 455435.6765     5     6
   1104863 203854.7396 455435.8536     5     6
   1105064 203854.8631 455436.0066     5     6
   1105262 203854.9772 455436.1172     5     6
   1105469 203855.1130 455436.2626     5     6
   1105664 203855.2460 455436.4111     5     6
   1105869 203855.3713 455436.5124     5     6
   1106063 203855.5543 455436.6295     5     6
   1106266 203855.6901 455436.7365     5     6
   1106466 203855.8385 455436.8118     5     6
   1106663 203855.9990 455436.8731     5     6
   1106864 203856.1521 455436.9459     5     6
   1107062 203856.3532 455436.9859     5     6
   1107273 203856.5422 455437.0241     5     6
   1107469 203856.7184 455437.1128     5     6
   1107665 203856.9168 455437.1293     5     6
   1107863 203857.0846 455437.1951     5     6
   1108065 203857.2634 455437.2834     5     6
   1108264 203857.4080 455437.3316     5     6
   1108475 203857.5481 455437.3864     5     6
   1108669 203857.6899 455437.4883     5     6
   1108866 203857.8487 455437.6040     5     6
   1109069 203857.9864 455437.7336     5     6
   1109266 203858.1551 455437.8527     5     6
   1109472 203858.2689 455437.9843     5     6
   1109665 203858.3758 455438.1572     5     6
   1109869 203858.5739 455438.2750     5     6
   1110062 203858.6468 455438.3980     5     6
   1110270 203858.7251 455438.5741     5     6
   1110467 203858.8478 455438.6893     5     6
   1110663 203858.9631 455438.8785     5     6
   1110865 203859.0248 455439.0399     5     6
   1111064 203859.1068 455439.1746     5     6
   1111266 203859.2097 455439.2633     5     6
   1111469 203859.2735 455439.4238     5     6
   1111665 203859.3774 455439.5782     5     6
   1111861 203859.5227 455439.7475     5     6
   1112066 203859.5846 455439.9105     5     6
   1112261 203859.6559 455440.0712     5     6
   1112473 203859.7624 455440.2624     5     6
   1112672 203859.8263 455440.4737     5     6
   1112865 203859.8971 455440.6246     5     6
   1113070 203859.9488 455440.7811     5     6
   1113267 203860.0093 455440.9733     5     6
   1113467 203860.0482 455441.1408     5     6
   1113665 203860.0812 455441.3188     5     6
   1113868 203860.1343 455441.4593     5     6
   1114062 203860.1447 455441.6664     5     6
   1114268 203860.1542 455441.8414     5     6
   1114466 203860.1872 455442.0279     5     6
   1114671 203860.1869 455442.2157     5     6
   1114874 203860.1996 455442.4242     5     6
   1115068 203860.2055 455442.5892     5     6
   1115269 203860.1587 455442.7729     5     6
   1115472 203860.1693 455442.9511     5     6
   1115675 203860.1523 455443.1298     5     6
   1115868 203860.1352 455443.3067     5     6
   1116066 203860.1116 455443.4729     5     6
   1116268 203860.0911 455443.6462     5     6
   1116471 203860.0277 455443.8410     5     6
   1116670 203859.9848 455444.0145     5     6
   1116865 203859.9434 455444.1890     5     6
   1117066 203859.8891 455444.3503     5     6
   1117264 203859.8142 455444.5309     5     6
   1117470 203859.7392 455444.7014     5     6
   1117664 203859.6431 455444.8717     5     6
   1117869 203859.5628 455445.0430     5     6
   1118063 203859.4790 455445.1716     5     6
   1118264 203859.3908 455445.3261     5     6
   1118464 203859.2767 455445.4596     5     6
   1118670 203859.1495 455445.6281     5     6
   1118865 203859.0734 455445.7878     5     6
   1119070 203858.9455 455445.8915     5     6
   1119266 203858.8343 455446.0271     5     6
   1119469 203858.7415 455446.1518     5     6
   1119664 203858.5801 455446.3020     5     6
   1119861 203858.4764 455446.4285     5     6
   1120064 203858.3577 455446.5573     5     6
   1120263 203858.2469 455446.6982     5     6
   1120465 203858.0933 455446.7860     5     6
   1120670 203857.9579 455446.8817     5     6
   1120871 203857.8088 455446.9930     5     6
   1121072 203857.6628 455447.0902     5     6
   1121264 203857.4895 455447.1776     5     6
   1121470 203857.3196 455447.2564     5     6
   1121663 203857.1715 455447.3397     5     6
   1121864 203857.0061 455447.4128     5     6
   1122066 203856.8457 455447.5018     5     6
   1122269 203856.6816 455447.5517     5     6
   1122463 203856.4758 455447.6219     5     6
   1122663 203856.3190 455447.6940     5     6
   1122872 203856.1690 455447.7106     5     6
   1123067 203855.9973 455447.7391     5     6
   1123271 203855.8296 455447.7940     5     6
   1123468 203855.6001 455447.8414     5     6
   1123666 203855.4747 455447.8332     5     6
   1123862 203855.2857 455447.8844     5     6
   1124076 203855.1001 455447.8881     5     6
   1124264 203854.9148 455447.8628     5     6
   1124470 203854.7547 455447.8554     5     6
   1124668 203854.5626 455447.7864     5     6
   1124864 203854.4063 455447.7155     5     6
   1125070 203854.2329 455447.6331     5     6
   1125263 203854.0887 455447.5564     5     6
   1125470 203853.9420 455447.4208     5     6
   1125663 203853.8131 455447.3254     5     6
   1125869 203853.7125 455447.2018     5     6
   1126064 203853.6057 455447.0812     5     6
   1126270 203853.5131 455446.9314     5     6
   1126472 203853.4592 455446.7808     5     6
   1126672 203853.3783 455446.6349     5     6
   1126864 203853.3171 455446.4645     5     6
   1127067 203853.2973 455446.2754     5     6
   1127266 203853.2681 455446.1044     5     6
   1127468 203853.2617 455445.9254     5     6
   1127665 203853.2832 455445.7880     5     6
   1127864 203853.2878 455445.6057     5     6
   1128064 203853.3414 455445.4096     5     6
   1128263 203853.4038 455445.2672     5     6
   1128464 203853.4421 455445.0793     5     6
   1128668 203853.5422 455444.9355     5     6
   1128871 203853.6227 455444.7779     5     6
   1129069 203853.7016 455444.6600     5     6
   1129265 203853.8393 455444.5379     5     6
   1129470 203853.9784 455444.4279     5     6
   1129663 203854.1125 455444.3142     5     6
   1129867 203854.2754 455444.1550     5     6
   1130065 203854.4261 455444.0550     5     6
   1130265 203854.6109 455443.9925     5     6
   1130466 203854.7798 455443.9483     5     6
   1130671 203854.9534 455443.8640     5     6
   1130865 203855.1685 455443.8057     5     6
   1131071 203855.3615 455443.7857     5     6
   1131265 203855.5232 455443.7584     5     6
   1131467 203855.6831 455443.7407     5     6
   1131664 203855.8473 455443.7408     5     6
   1131860 203856.0556 455443.6982     5     6
   1132071 203856.2326 455443.7322     5     6
   1132265 203856.4070 455443.7823     5     6
   1132468 203856.6015 455443.8272     5     6
   1132671 203856.8011 455443.8762     5     6
   1132865 203856.9676 455443.9710     5     6
   1133071 203857.1295 455444.0367     5     6
   1133263 203857.3176 455444.1045     5     6
   1133470 203857.4501 455444.2240     5     6
   1133663 203857.5979 455444.3022     5     6
   1133866 203857.7200 455444.4324     5     6
   1134064 203857.8660 455444.5210     5     6
   1134270 203857.9760 455444.6921     5     6
   1134464 203858.0940 455444.8551     5     6
   1134669 203858.1905 455445.0179     5     6
   1134866 203858.3124 455445.1574     5     6
   1135073 203858.3606 455445.2809     5     6
   1135264 203858.4391 455445.4452     5     6
   1135465 203858.5095 455445.5705     5     6
   1135664 203858.5773 455445.7854     5     6
   1135863 203858.6673 455445.9013     5     6
   1136068 203858.6497 455445.8264     5     6
   1136262 203858.7325 455445.9059     5     6
   1136473 203858.8131 455446.0598     5     6
   1136668 203858.8858 455446.2218     5     6
   1136862 203858.9608 455446.3854     5     6
   1137064 203859.0331 455446.5591     5     6
   1137264 203859.1514 455447.1171     5     6
   1137468 203859.1643 455447.3126     5     6
   1137663 203859.2230 455447.4686     5     6
   1137862 203859.2487 455447.6439     5     6
   1138063 203859.2353 455447.8589     5     6
   1138265 203859.2704 455448.0368     5     6
   1138464 203859.2549 455448.2402     5     6
   1138673 203859.2040 455448.4118     5     6
   1138864 203859.1704 455448.5888     5     6
   1139064 203859.1279 455448.7514     5     6
   1139265 203859.0489 455448.9191     5     6
   1139465 203858.9946 455449.0304     5     6
   1139663 203858.8926 455449.2112     5     6
   1139864 203858.8064 455449.3685     5     6
   1140063 203858.6933 455449.5004     5     6
   1140260 203858.6074 455449.6472     5     6
   1140463 203858.4826 455449.7734     5     6
   1140665 203858.3336 455449.8896     5     6
   1140863 203858.1875 455450.0213     5     6
   1141067 203858.0436 455450.1443     5     6
   1141263 203857.8980 455450.2377     5     6
   1141468 203857.7700 455450.3650     5     6
   1141661 203857.6429 455450.4880     5     6
   1141865 203857.4890 455450.5999     5     6
   1142062 203857.3151 455450.6844     5     6
   1142264 203857.1935 455450.8424     5     6
   1142465 203857.0764 455450.9605     5     6
   1142663 203856.9240 455450.9639     5     6
   1142863 203856.7870 455451.0676     5     6
   1143062 203856.6025 455451.1637     5     6
   1143270 203856.3959 455451.2273     5     6
   1143465 203856.2534 455451.2912     5     6
   1143664 203856.1460 455451.4253     5     6
   1143864 203855.9557 455451.4492     5     6
   1144065 203855.7573 455451.4969     5     6
   1144264 203855.5913 455451.5702     5     6
   1144466 203855.4425 455451.6095     5     6
   1144663 203855.2657 455451.6487     5     6
   1144862 203855.0831 455451.6778     5     6
   1145066 203854.8602 455451.6494     5     6
   1145262 203854.7024 455451.7141     5     6
   1145464 203854.5571 455451.7815     5     6
   1145663 203854.3554 455451.7556     5     6
   1145863 203854.1832 455451.8209     5     6
   1146062 203854.0147 455451.8883     5     6
   1146268 203853.8595 455451.9447     5     6
   1146460 203853.6957 455452.0138     5     6
   1146672 203853.5179 455452.0846     5     6
   1146869 203853.3260 455452.1734     5     6
   1147064 203853.1665 455452.2432     5     6
   1147265 203853.0016 455452.3108     5     6
   1147464 203852.8323 455452.4044     5     6
   1147665 203852.6518 455452.4918     5     6
   1147859 203852.4661 455452.5525     5     6
   1148072 203852.3072 455452.6010     5     6
   1148266 203852.1558 455452.6595     5     6
   1148465 203852.0146 455452.7033     5     6
   1148672 203851.8518 455452.7296     5     6
   1148865 203851.6653 455452.7548     5     6
   1149064 203851.4647 455452.8026     5     6
   1149264 203851.2622 455452.8463     5     6
   1149466 203851.0633 455452.8332     5     6
   1149663 203850.8958 455452.8421     5     6
   1149864 203850.7462 455452.8591     5     6
   1150072 203850.5614 455452.8327     5     6
   1150267 203850.3930 455452.8435     5     6
   1150467 203850.2109 455452.8559     5     6
   1150664 203850.0194 455452.9094     5     6
   1150864 203849.8371 455452.9474     5     6
   1151063 203849.6640 455452.9971     5     6
   1151265 203849.4621 455453.0676     5     6
   1151470 203849.2985 455453.1376     5     6
   1151666 203849.1447 455453.2174     5     6
   1151869 203849.0227 455453.2906     5     6
   1152075 203848.8662 455453.3913     5     6
   1152266 203848.6919 455453.4620     5     6
   1152466 203848.4971 455453.5486     5     6
   1152673 203848.3404 455453.6467     5     6
   1152862 203848.1786 455453.6917     5     6
   1153064 203847.9975 455453.7400     5     6
   1153262 203847.8458 455453.8248     5     6
   1153466 203847.6844 455453.8757     5     6
   1153664 203847.5103 455453.9631     5     6
   1153869 203847.3467 455454.0439     5     5
   1154062 203847.2140 455454.0917     5     6
   1154266 203847.0322 455454.1502     5     6
   1154470 203846.8267 455454.1910     5     6
   1154672 203846.6915 455454.2372     5     6
   1154865 203846.4760 455454.2687     5     6
   1155062 203846.2800 455454.2926     5     6
   1155266 203846.0933 455454.3142     5     6
   1155469 203845.9303 455454.3647     5     6
   1155665 203845.7946 455454.4360     5     6
   1155861 203845.6265 455454.4914     5     6
   1156072 203845.4538 455454.5220     5     6
   1156262 203845.2993 455454.5557     5     6
   1156466 203845.1151 455454.6070     5     6
   1156666 203844.9073 455454.5886     5     6
   1156864 203844.7135 455454.5968     5     6
   1157067 203844.5390 455454.5895     5     6
   1157269 203844.3212 455454.5376     5     6
   1157468 203844.1481 455454.5239     5     6
   1157663 203843.9932 455454.4912     5     6
   1157871 203843.8495 455454.4605     5     6
   1158064 203843.7030 455454.3864     5     6
   1158270 203843.5460 455454.2831     5     6
   1158466 203843.3768 455454.1892     5     6
   1158664 203843.2329 455454.0831     5     6
   1158870 203843.1000 455453.9664     5     6
   1159064 203842.9763 455453.8436     5     6
   1159270 203842.8694 455453.7190     5     6
   1159470 203842.7681 455453.5669     5     6
   1159663 203842.6652 455453.3979     5     7
   1159863 203842.5814 455453.2255     5     7
   1160073 203842.5147 455453.0436     5     7
   1160264 203842.4549 455452.8604     5     7
   1160471 203842.4114 455452.6911     5     7
   1160671 203842.3775 455452.5109     5     7
   1160861 203842.4065 455452.3219     5     7
   1161066 203842.4250 455452.1455     5     7
   1161262 203842.4349 455451.9624     5     7
   1161465 203842.4663 455451.8047     5     7
   1161661 203842.5322 455451.6296     5     7
   1161863 203842.5970 455451.4715     5     7
   1162062 203842.6590 455451.3021     5     7
   1162268 203842.7424 455451.1173     5     7
   1162468 203842.8042 455450.9562     5     7
   1162669 203842.8527 455450.7874     5     7
   1162868 203842.9065 455450.6285     5     7
   1163069 203842.9256 455450.4623     5     7
   1163265 203842.9096 455450.2771     5     7
   1163465 203842.8564 455450.1190     5     7
   1163671 203842.8103 455449.9464     5     7
   1163862 203842.7490 455449.7908     5     7
   1164065 203842.6577 455449.6371     5     7
   1164264 203842.5600 455449.5058     5     7
   1164466 203842.4375 455449.3691     5     7
   1164666 203842.2872 455449.2462     5     7
   1164862 203842.1691 455449.1474     5     7
   1165065 203842.0719 455449.0504     5     7
   1165262 203841.9040 455449.0142     5     7
   1165467 203841.6933 455448.9519     5     7
   1165662 203841.5096 455448.8848     5     7
   1165870 203841.3110 455448.8024     5     6
   1166061 203841.1630 455448.7354     5     6
   1166271 203841.0260 455448.6278     5     6
   1166466 203840.9084 455448.4986     5     6
   1166672 203840.7839 455448.4426     5     7
   1166864 203840.6419 455448.2761     5     7
   1167062 203840.5626 455448.1301     5     7
   1167264 203840.4575 455448.0123     5     7
   1167472 203840.3377 455447.8957     5     7
   1167669 203840.2718 455447.7597     5     7
   1167870 203840.2392 455447.5824     5     7
   1168063 203840.1869 455447.4184     5     7
   1168259 203840.1558 455447.2278     5     7
   1168470 203840.1738 455447.0027     5     7
   1168665 203840.1421 455446.8281     5     7
   1168861 203840.1779 455446.6546     5     7
   1169064 203840.2342 455446.4763     5     7
   1169261 203840.2711 455446.3085     5     7
   1169472 203840.3345 455446.1258     5     7
   1169660 203840.3928 455445.9371     5     7
   1169867 203840.5164 455445.8514     5     7
   1170061 203840.6001 455445.7049     5     7
   1170265 203840.7073 455445.5613     5     7
   1170475 203840.8720 455445.4384     5     7
   1170662 203840.9907 455445.3473     5     7
   1170866 203841.1416 455445.2524     5     7
   1171066 203841.3337 455445.1656     5     7
   1171272 203841.5041 455445.0816     5     7
   1171463 203841.6479 455445.0373     5     7
   1171663 203841.7499 455445.0165     5     7
   1171861 203841.8113 455444.9364     5     7
   1172064 203841.8660 455444.9330     5     7
   1172267 203841.8963 455444.9345     5     7
   1172465 203841.8996 455444.9369     5     7
   1172668 203841.8981 455444.9423     5     7
   1172862 203841.8983 455444.9427     5     6
   1173063 203841.9011 455444.9453     5     6
   1173260 203841.8998 455444.9461     5     6
   1173467 203841.8968 455444.9449     5     6
   1173660 203841.8978 455444.9450     5     6
   1173867 203841.8971 455444.9445     5     6
   1174059 203841.8967 455444.9430     5     6
   1174263 203841.8973 455444.9422     5     6
   1174469 203841.8974 455444.9419     5     6
   1174668 203841.8934 455444.9439     5     6
   1174868 203841.8981 455444.9448     5     6
   1175066 203841.8984 455444.9437     5     6
   1175272 203841.9009 455444.9386     5     6
   1175469 203841.9003 455444.9382     5     6
   1175661 203841.8990 455444.9401     5     6
   1175858 203841.8984 455444.9432     5     6
   1176070 203841.8990 455444.9415     5     6
   1176268 203841.8989 455444.9420     5     6
   1176463 203841.8990 455444.9416     5     6
   1176662 203841.8968 455444.9381     5     6
   1176858 203841.8973 455444.9448     5     6
   1177062 203841.8958 455444.9434     5     6
   1177261 203841.9152 455444.9358     5     6
   1177467 203841.9094 455444.9383     5     6
   1177658 203841.9096 455444.9408     5     6
   1177867 203841.9122 455444.9442     5     6
   1178059 203841.9173 455444.9424     5     6
   1178268 203841.9159 455444.9426     5     6
   1178468 203841.9158 455444.9407     5     6
   1178667 203841.9162 455444.9391     5     6
   1178862 203841.9144 455444.9402     5     6
   1179066 203841.9151 455444.9400     5     6
   1179262 203841.9160 455444.9393     5     6
   1179467 203841.9165 455444.9384     5     6
   1179662 203841.9175 455444.9387     5     6
   1179858 203841.9166 455444.9398     5     6
   1180061 203841.9164 455444.9383     5     6
