   1163465 203842.8564 455450.1190     5     7
   1163671 203842.8103 455449.9464     5     7
   1163862 203842.7490 455449.7908     5     7
   1164065 203842.6577 455449.6371     5     7
   1164264 203842.5600 455449.5058     5     7
   1164466 203842.4375 455449.3691     5     7
   1164666 203842.2872 455449.2462     5     7
   1164862 203842.1691 455449.1474     5     7
   1165065 203842.0719 455449.0504     5     7
   1165262 203841.9040 455449.0142     5     7
   1165467 203841.6933 455448.9519     5     7
   1165662 203841.5096 455448.8848     5     7
   1165870 203841.3110 455448.8024     5     6
   1166061 203841.1630 455448.7354     5     6
   1166271 203841.0260 455448.6278     5     6
   1166466 203840.9084 455448.4986     5     6
   1166672 203840.7839 455448.4426     5     7
   1166864 203840.6419 455448.2761     5     7
   1167062 203840.5626 455448.1301     5     7
   1167264 203840.4575 455448.0123     5     7
   1167472 203840.3377 455447.8957     5     7
   1167669 203840.2718 455447.7597     5     7
   1167870 203840.2392 455447.5824     5     7
   1168063 203840.1869 455447.4184     5     7
   1168259 203840.1558 455447.2278     5     7
   1168470 203840.1738 455447.0027     5     7
   1168665 203840.1421 455446.8281     5     7
   1168861 203840.1779 455446.6546     5     7
   1169064 203840.2342 455446.4763     5     7
   1169261 203840.2711 455446.3085     5     7
   1169472 203840.3345 455446.1258     5     7
   1169660 203840.3928 455445.9371     5     7
   1169867 203840.5164 455445.8514     5     7
   1170061 203840.6001 455445.7049     5     7
   1170265 203840.7073 455445.5613     5     7
   1170475 203840.8720 455445.4384     5     7
   1170662 203840.9907 455445.3473     5     7
   1170866 203841.1416 455445.2524     5     7
   1171066 203841.3337 455445.1656     5     7
   1171272 203841.5041 455445.0816     5     7
   1171463 203841.6479 455445.0373     5     7
   1171663 203841.7499 455445.0165     5     7
   1171861 203841.8113 455444.9364     5     7
   1172064 203841.8660 455444.9330     5     7
   1172267 203841.8963 455444.9345     5     7
   1172465 203841.8996 455444.9369     5     7
   1172668 203841.8981 455444.9423     5     7
   1172862 203841.8983 455444.9427     5     6
   1173063 203841.9011 455444.9453     5     6
   1173260 203841.8998 455444.9461     5     6
   1173467 203841.8968 455444.9449     5     6
   1173660 203841.8978 455444.9450     5     6
   1173867 203841.8971 455444.9445     5     6
   1174059 203841.8967 455444.9430     5     6
   1174263 203841.8973 455444.9422     5     6
   1174469 203841.8974 455444.9419     5     6
   1174668 203841.8934 455444.9439     5     6
   1174868 203841.8981 455444.9448     5     6
   1175066 203841.8984 455444.9437     5     6
   1175272 203841.9009 455444.9386     5     6
   1175469 203841.9003 455444.9382     5     6
   1175661 203841.8990 455444.9401     5     6
   1175858 203841.8984 455444.9432     5     6
   1176070 203841.8990 455444.9415     5     6
   1176268 203841.8989 455444.9420     5     6
   1176463 203841.8990 455444.9416     5     6
   1176662 203841.8968 455444.9381     5     6
   1176858 203841.8973 455444.9448     5     6
   1177062 203841.8958 455444.9434     5     6
   1177261 203841.9152 455444.9358     5     6
   1177467 203841.9094 455444.9383     5     6
   1177658 203841.9096 455444.9408     5     6
   1177867 203841.9122 455444.9442     5     6
   1178059 203841.9173 455444.9424     5     6
   1178268 203841.9159 455444.9426     5     6
   1178468 203841.9158 455444.9407     5     6
   1178667 203841.9162 455444.9391     5     6
   1178862 203841.9144 455444.9402     5     6
   1179066 203841.9151 455444.9400     5     6
   1179262 203841.9160 455444.9393     5     6
   1179467 203841.9165 455444.9384     5     6
   1179662 203841.9175 455444.9387     5     6
   1179858 203841.9166 455444.9398     5     6
   1180061 203841.9164 455444.9383     5     6