 1097592   21099063   21097714  -21198623  -21189672
 1097644   21102754   21101447  -21207580  -21207505
 1097694   21106280   21104944  -21216670  -21207505
 1097744   21109719   21108403  -21225686  -21225587
 1097795   21113261   21111940  -21234642  -21234509
 1097846   21117105   21115784  -21243212  -21234509
 1097899   21120996   21119676  -21251962  -21251868
 1097949   21125142   21123797  -21260581  -21260492
 1097999   21129709   21128351  -21269341  -21260492
 1098051          0   21128351  -21277978          0
 1098100   21139694   21138356  -21286156          0
 1098151   21139694   21143980  -21294637          0
 1098201   21150872   21149529          0          0
 1098253   21156584   21155228  -21310853  -21310758
 1098301   21162228   21160922  -21319084  -21318945
 1098351   21167917   21166608  -21327285  -21327133
 1098401   21173624   21172321  -21335515  -21335403
 1098449   21179322   21178013  -21343745  -21343629
 1098500   21185030   21183698  -21351968  -21351855
 1098550   21190737   21189372  -21360193  -21360061
 1098601   21196423   21195047  -21368425  -21368211
 1098651   21202110   21200741  -21376683  -21376403
 1098705   21207810   21206447  -21384902  -21384667
 1098750   21213482   21212083  -21393133  -21392970
 1098800   21219002   21217633  -21401460  -21401286
 1098850   21224261   21222917  -21409526  -21409335
 1098900   21229252   21227877  -21417273  -21417111
 1098950   21233874   21232490  -21424845  -21424687
 1099000   21238192   21236823  -21432508  -21432338
 1099050   21242285   21240935  -21440448  -21440243
 1099102   21246088   21244739  -21448695  -21448525
 1099149   21249565   21248228  -21457079  -21456908
 1099200   21252827   21251500  -21465278  -21465117
 1099250   21256024   21254697  -21473414  -21473287
 1099300   21259213   21257892  -21481554  -21481444
 1099350   21262413   21261103  -21489681  -21489557
 1099400   21265599   21264288  -21497857  -21497689
 1099450   21268845   21267510  -21505972  -21505782
 1099501   21272310   21270940  -21513962  -21513803
 1099550   21276062   21274693  -21521935  -21521764
 1099600   21279969   21278616  -21529941  -21529732
 1099650   21283906   21282549  -21537946  -21537718
 1099700   21287861   21286484  -21545966  -21545734
 1099750   21291815   21290411  -21553990  -21553743
 1099805   21295748   21294339  -21562012  -21561742
 1099850   21299671   21298269  -21570016  -21569720
 1099901   21303615   21302203  -21578026  -21577721
 1099950   21307560   21306135  -21586005  -21585751
 1100000   21311475   21310084  -21594019  -21593762
 1100050   21315392   21314032  -21602028  -21601734
 1100100   21319492   21318124  -21610021  -21609722
 1100149   21323926   21322542  -21618304  -21618079
 1100199   21328623   21327283  -21626752  -21626498
 1100249   21333692   21332355  -21634824  -21634621
 1100300   21339106   21337756  -21642779  -21642616
 1100351   21344800   21343472  -21650632  -21650434
 1100399   21350836   21349517  -21658454  -21658289
 1100449   21357063   21355745  -21666326  -21658289
 1100499   21363275   21361951  -21674116  -21666171
 1100556   21369462   21368147  -21681972  -21681819
 1100602   21375664   21374341  -21689838  -21689650
 1100650   21381888   21380588  -21697691  -21697532
 1100701   21388166   21386847  -21705559  -21705458
 1100751   21394444   21393138  -21713518  -21713408
 1100802   21400662   21399361  -21721344          0
 1100853   21400662   21405777  -21729456        212
 1100902   21413065          0          0          0
 1100952   21419294   21417971  -21744880  -21744747
 1101004   21425825   21424496  -21752499  -21752368
 1101052   21432656   21431340  -21759762  -21759615
 1101103   21439813   21438483  -21766713  -21766559
 1101151   21447096   21445758  -21773553  -21773407
 1101201   21454517   21453185  -21780287  -21780127
 1101251   21461941   21460625  -21786986  -21786807
 1101302   21469356   21468016  -21793667  -21793488
 1101352   21476812   21475459  -21800346  -21800191
 1101401   21484254   21482904  -21807040  -21799963
 1101451   21491700   21490353  -21813712  -21813567
 1101501   21499147   21497795  -21820404  -21820245
 1101552   21506588   21505226  -21827083  -21826919
 1101602   21514010   21512668  -21833764  -21833602
 1101651   21521444   21520113  -21840443  -21840280
 1101701   21528888   21527548  -21847125  -21846973
 1101751   21536339   21535012  -21853804  -21853659
 1101801   21543770   21542458  -21860485  -21860348
 1101852   21551212   21549906  -21867163  -21867022
 1101902   21558637   21557326  -21873842  -21873685
 1101951   21566084   21564785  -21880517  -21880373
 1102001   21573539   21572238  -21887201  -21887075
 1102051   21580980   21579682  -21893882  -21893752
 1102102   21588422   21587108  -21900559  -21900423
 1102151   21595870   21594523  -21907235  -21907081
 1102201   21603312   21601964  -21913916  -21913775
 1102251   21610777   21609427  -21920599  -21920461
 1102302   21618238   21616865  -21927293  -21927136
 1102352   21625709   21624322  -21933943  -21933764
 1102401   21633212   21631824  -21940549  -21940366
 1102451   21640828   21639408  -21947066  -21946869
 1102501   21648706   21647272  -21953295  -21953061
 1102552   21656905   21655460  -21959198  -21958933
 1102602   21665363   21663909  -21964715  -21964469
 1102651   21673945   21672493  -21969959  -21969744
 1102701   21682532   21681071  -21975084  -21974853
 1102751   21691229   21689840  -21979983  -21979757
 1102801   21700058   21698675  -21984632  -21984414
 1102851   21709044   21707632  -21989102  -21988859
 1102901   21718020   21716586  -21993496  -21993257
 1102951   21727006   21725558  -21997876  -21997666
 1103001   21735984   21734559  -22002248  -22002053
 1103053   21744983   21743608  -22006604  -22006375
 1103102   21754020   21752625  -22010908  -22010692
 1103151   21763044   21761597  -22015230  -22015019
 1103201   21772062   21770654  -22019581  -22015019
 1103252   21781071   21779725  -22023890  -22023678
 1103301   21790071   21788720  -22028239  -22028008
 1103352   21799088   21797723  -22032534  -22028008
 1103401   21808105   21806737  -22036852  -22036649
 1103451   21817114   21815778  -22041214  -22040991
 1103501   21826155   21824814  -22045505  -22045276
 1103551   21835158   21833762  -22049837  -22049620
 1103601   21844175   21842797  -22054164  -22049620
 1103652   21853314   21851980  -22058526  -22049613
 1103702   21862394   21861078  -22063002  -22062802
 1103753   21871337   21870011  -22067744  -22062802
 1103805   21880133   21878813  -22072911  -22072751
 1103858   21888796   21887454  -22078115  -22077927
 1103905   21897507   21896163  -22083380  -22083126
 1103956   21905934   21904547  -22088893  -22083126
 1104008          0          0  -22088893          0
 1104059   21922836   21921382  -22100202          0
 1104108   21931271   21929877  -22105893  -22105644
 1104160   21939579   21938200          0          0
 1104211   21947863   21946496  -22116998  -22116778
 1104262   21956173   21954823  -22122558  -22122352
 1104310   21964463   21963128  -22128092  -22127921
 1104359   21972779   21971463  -22133652  -22133493
 1104409   21981092   21979795  -22139235  -22139072
 1104462   21989376   21988107  -22144814  -22144629
 1104509   21997675   21996413  -22150330  -22150199
 1104559   22005988   22004698  -22155888  -22155776
 1104608   22014279   22013044  -22161456  -22161327
 1104660   22022593   22021376  -22167039  -22166899
 1104708   22030903   22029663  -22172592  -22172463
 1104759   22039227   22037944  -22178154  -22178017
 1104809   22047577   22046184  -22183744  -22183554
 1104859   22055945   22054521  -22189328  -22189088
 1104909   22064253   22062814  -22194928  -22194648
 1104958   22072554   22071135  -22200473  -22200212
 1105010   22080854   22079445  -22206035  -22205773
 1105059   22089179   22087748  -22211618  -22211350
 1105108   22097505   22096055  -22217182  -22216896
 1105159   22105842   22104373  -22222733  -22222467
 1105209   22114154   22112601  -22228258  -22228031
 1105260   22122459   22120898  -22233825  -22233595
 1105309   22130738   22129310  -22239397  -22233595
 1105358   22139050   22137665  -22244994  -22239112
 1105408   22147363   22145951  -22250510  -22250302
 1105459   22155646   22154211  -22256042  -22255887
 1105509   22163940   22162539  -22261592  -22261454
 1105559   22172241   22170944  -22267154  -22267027
 1105609   22180562   22179293  -22272799  -22272604
 1105661   22188862   22187558  -22278330  -22278144
 1105708   22197162   22195800  -22283873  -22283701
 1105759   22205500   22204123  -22289432  -22289272
 1105809   22213812   22212486  -22295012  -22294845
 1105858   22222126   22220766  -22300598  -22300399
 1105909   22230419   22229063  -22306166  -22305936
 1105958   22238756   22237386  -22311726  -22311496
 1106009   22247073   22245683  -22317334  -22317062
 1106060   22255400   22254018  -22322888  -22322625
 1106108   22263697   22262316  -22328413  -22328185
 1106159   22272006   22270579  -22333989  -22328185
 1106208   22280338   22278911  -22339543  -22333928
 1106259   22288637   22287228  -22345146  -22344876
 1106309   22296960   22295552  -22350695  -22350443
 1106359   22305267   22303848  -22356245  -22356004
 1106408   22313546   22312155  -22361805  -22361594
 1106461   22321849   22320485  -22367349  -22367148
 1106509   22330130   22328812  -22372923  -22372730
 1106559   22338468   22337155  -22378477  -22378289
 1106608   22346786   22345460  -22384059  -22383865
 1106658   22355086   22353723  -22389620  -22389409
 1106709   22363404   22362045  -22395170  -22394983
 1106760   22371700   22370380  -22400718  -22400541
 1106809   22379993   22378691  -22406304  -22406126
 1106862   22388304   22386996  -22411849  -22411682
 1106908   22396623   22395316  -22417410  -22417252
 1106959   22405047   22403724  -22423080  -22422923
 1107011   22413147   22411881  -22429087  -22428915
 1107062   22420763          0          0          0
 1107112   22428356   22427063  -22442035  -22441877
 1107163   22435954   22434646  -22448956  -22441877
 1107215   22443461   22442127  -22455812          0
 1107266          0          0          0          0
 1107314   22457618          0          0          0
 1107365   22464440   22463093  -22477265  -22477035
 1107415   22470924   22469590  -22484881  -22484691
 1107464   22477103   22475762  -22492733  -22492564
 1107516   22483280   22481980  -22500602  -22500452
 1107563   22489362   22488038  -22508545  -22508418
 1107613   22495322   22494027  -22516543  -22516420
 1107664   22501294   22500021  -22524526  -22524426
 1107714   22507267   22505993  -22532534  -22532444
 1107765   22513251   22511981  -22540540  -22540474
 1107813   22519222   22517965  -22548580  -22548507
 1107864   22525199   22523933  -22556599  -22556491
 1107913   22531179   22529909  -22564629  -22564501
 1107964   22537202   22535874  -22572694  -22572539
 1108014   22543211   22541815  -22580728  -22580544
 1108063   22549191   22547799  -22588723  -22588544
 1108113   22555135   22553776  -22596751  -22596508
 1108164   22561109   22559760  -22604775  -22596571
 1108214   22567102   22565745  -22612802  -22612557
 1108264   22572977   22571567  -22620923  -22620689
 1108312   22578544   22577122  -22629307  -22629062
 1108363   22583735   22582328  -22638037  -22637726
 1108414   22588620   22587211  -22646979  -22646673
 1108464   22593192   22591789  -22655988  -22655732
 1108514   22597603   22596203  -22664982  -22664732
 1108563   22601951   22600554  -22673992  -22673744
 1108613   22606270   22604905  -22682980  -22682736
 1108664   22610612   22609257  -22691976  -22691757
 1108714   22615083   22613712  -22700934  -22700749
 1108763   22619779   22618439  -22709673  -22709500
 1108813   22624826   22623506  -22718064  -22717930
 1108863   22630203   22628901  -22726170  -22726023
 1108913   22635897   22634599  -22733944  -22733804
 1108964   22641932   22640622  -22741384  -22741232
 1109014   22648296   22646964  -22748564  -22748402
 1109063   22654815   22653502  -22755741  -22748404
 1109113   22661149   22659829  -22763234  -22763064
 1109163   22667236   22665884  -22771031  -22770890
 1109214   22672950   22671629  -22779184  -22779020
 1109264   22678360   22677042  -22787643  -22779050
 1109312   22683487   22682102  -22796431  -22787498
 1109364   22688286   22686903  -22805230  -22805089
 1109413   22692996   22691676  -22813994  -22805145
 1109464   22697858   22696574  -22822703  -22822548
 1109513   22702764   22701462  -22831454  -22831319
 1109564   22707827   22706460  -22840099  -22839989
 1109614   22713139   22711783  -22848429  -22848287
 1109664   22718795   22717455  -22856396  -22856243
 1109713   22724773   22723453  -22864035  -22863866
 1109764   22731084   22729758  -22871371  -22871209
 1109813   22737720   22736399  -22878405  -22878252
 1109863   22744418   22743100  -22885218  -22885054
 1109915   22751035   22749711  -22891941  -22885054
 1109964   22757708   22756368  -22898698  -22898521
 1110016   22764320   22762974          0          0
 1110066   22770944   22769601  -22912170  -22912000
 1110116   22777565   22776238  -22918922  -22918736
 1110165   22784191   22782876  -22925671  -22925465
 1110214   22790813   22789499  -22932398  -22932194
 1110265   22797435   22796119  -22939106  -22932194
 1110316   22804072   22802732  -22945819  -22945640
 1110364   22810695   22809354  -22952527  -22952363
 1110415   22817303   22815971  -22959252  -22952363
 1110466   22823935   22822602  -22965993  -22965809
 1110515   22830562   22829225  -22972751  -22972555
 1110565   22837188   22835857  -22979494  -22979287
 1110615   22843811   22842492  -22986232  -22986017
 1110665   22850422   22849112  -22992951  -22992735
 1110715   22857049   22855747  -22999681  -22999481
 1110764   22863679   22862380  -23006415  -23006214
 1110813   22870295   22868983  -23013129  -23012918
 1110864   22876912   22875609  -23019860  -23019651
 1110914   22883538   22882233  -23026590  -23026391
 1110965   22890148   22888849  -23033300  -23033105
 1111014   22896782   22895471  -23040035  -23039860
 1111064   22903422   22902096  -23046784  -23046590
 1111114   22910047   22908719  -23053507  -23053329
 1111164   22916669   22915341  -23060200  -23060045
 1111215   22923524   22922205  -23067086  -23066958
 1111265   22930409   22929097  -23074332  -23074157
 1111314   22937009   22935669  -23081878  -23074157
 1111364   22943381   22942093  -23089610  -23074157
 1111415   22949720   22948405  -23097350  -23074157
 1111464   22956105   22954712  -23105083  -23074157
 1111515   22962436   22961037  -23112827  -23074157
 1111564   22968760   22967373  -23120580  -23074157
 1111614   22975093   22973716  -23128316  -23074157
 1111664   22981438   22980057  -23136017  -23074157
 1111715   22987742   22986374  -23143780  -23074157
 1111765   22994058   22992715  -23151476  -23074157
 1111813   23000386   22999080  -23159200  -23074157
 1111864   23006720   23005418  -23166955  -23074157
 1111914   23013087   23011766  -23174707  -23074157
 1111964   23019438   23018074  -23182446  -23074157
 1112015   23025736   23024413  -23190161  -23074157
 1112064   23032049   23030754  -23197889  -23074157
 1112114   23038380   23037101  -23205641  -23074157
 1112164   23044739   23043440  -23213369  -23074157
 1112216   23051072   23049775  -23221105  -23074157
 1112265   23057405   23056111  -23228835  -23074157
 1112314   23063738   23062436  -23236579  -23074157
 1112364   23070071   23068761  -23244325  -23074157
 1112414   23076404   23075081  -23252071  -23074157
 1112466   23082738   23081422  -23259839  -23074157
 1112516   23089074   23087787  -23267613 -587194261
 1112566   23095439   23094096  -23275333  -23267463
 1112615   23101760   23100403  -23283033  -23267463
 1112664   23108109   23106746  -23290779  -23267463
 1112716   23114452   23113058  -23298551  -23290602
 1112764   23120818   23119388  -23306312  -23298350
 1112814   23127163   23125720  -23314043  -23298350
 1112864   23133500   23132050  -23321794  -23298350
 1112914   23139824   23138383  -23329531  -23298350
 1112964   23146138   23144741  -23337301  -23329285
 1113015   23152464   23151072  -23345044  -23336993
 1113064   23158823   23157417  -23352829  -23352516
 1113115   23165176   23163750  -23360543  -23360266
 1113165   23171505   23170078  -23368267  -23368054
 1113216   23177827   23176411  -23376016  -23375771
 1113265   23184155   23182746  -23383764  -23383484
 1113314   23190452   23189077  -23391516  -23391162
 1113364   23196760   23195414  -23399249  -23398927
 1113415   23203115   23201754  -23406956  -23406706
 1113465   23209474   23208099  -23414713  -23414506
 1113516   23215802   23214456  -23422428  -23422236
 1113565   23222132   23220794  -23430147  -23422236
 1113615   23228441   23227128  -23437845  -23437719
 1113664   23234753   23233477  -23445576  -23445459
 1113715   23241084   23239808  -23453316  -23453174
 1113765   23247416   23246126  -23461070  -23460891
 1113816   23253749   23252460  -23468818  -23468639
 1113867   23260085   23258823  -23476559  -23476410
 1113914   23266419   23265153  -23484299  -23484173
 1113964   23272753   23271482  -23492034  -23491913
 1114015   23279095   23277822  -23499772  -23499644
 1114064   23285421   23284131  -23507483  -23507327
 1114114   23291750   23290442  -23515244  -23515039
 1114164   23298088   23296781  -23522988  -23522790
 1114215   23304446   23303143  -23530741  -23530562
 1114265   23310769   23309466  -23538470  -23538339
 1114314   23317104   23315804  -23546207  -23546062
 1114364   23323430   23322135  -23553925  -23553775
 1114415   23329762   23328466  -23561670  -23561504
 1114465   23336104   23334798  -23569410  -23569240
 1114515   23342448   23341132  -23577161  -23576991
 1114564   23348786   23347454  -23584924  -23584715
 1114614   23355112   23353778  -23592657  -23592428
 1114664   23361438   23360112  -23600378  -23600171
 1114715   23367771   23366460  -23608113  -23607944
 1114765   23374122   23372792  -23615855  -23615686
 1114814   23380474   23379117  -23623607  -23623415
 1114865   23386807   23385443  -23631375  -23631145
 1114914   23393134   23391767  -23639109  -23638855
 1114964   23399460   23398101  -23646837  -23646580
 1115015   23405799   23404436  -23654556  -23654328
 1115064   23412123   23410786  -23662288  -23662094
 1115114   23418449   23417132  -23670025  -23669851
 1115164   23424772   23423465  -23677749  -23677619
 1115215   23431107   23429809  -23685474  -23685358
 1115267   23437435   23436144  -23693210  -23693087
 1115316   23443769   23442476  -23700955  -23700812
 1115364   23450104   23448812  -23708699  -23708559
 1115415   23456447   23455144  -23716439  -23716292
 1115464   23462775   23461470  -23724180  -23724023
 1115515   23469109   23467819  -23731910  -23731763
 1115563   23475439   23474134  -23739660  -23739493
 1115614   23481772   23480463  -23747378  -23747220
 1115664   23488113   23486803  -23755135  -23754970
 1115715   23494457   23493143  -23762882  -23762709
 1115764   23500808   23499478  -23770640  -23770453
 1115814   23507130   23505800  -23778370  -23778173
 1115864   23513472   23512131  -23786102  -23785897
 1115915   23519787   23518459  -23793833  -23785897
 1115964   23526133   23524793  -23801586  -23801378
 1116014   23532472   23531132  -23809325  -23809135
 1116064   23538812   23537467  -23817073  -23816877
 1116114   23545141   23543795  -23824789  -23824594
 1116164   23551468   23550127  -23832534  -23832333
 1116215   23557785   23556463  -23840285  -23840059
 1116264   23564143   23562803  -23848028  -23847806
 1116314   23570489   23569121  -23855808  -23855561
 1116364   23576826   23575446  -23863537  -23863270
 1116415   23583164   23581783  -23871263  -23871020
 1116465   23589501   23588123  -23879008  -23871020
 1116515   23595832   23594443  -23886754  -23886490
 1116564   23602164   23600787  -23894489  -23894224
 1116614   23608506   23607115  -23902242  -23901964
 1116664   23614843   23613444  -23909983  -23909695
 1116715   23621153   23619788  -23917700  -23917412
 1116764   23627483   23626123  -23925428  -23925176
 1116814   23633834   23632475  -23933159  -23925176
 1116865   23640170   23638808  -23940897  -23940697
 1116914   23646484   23645134  -23948624  -23948425
 1116965   23652808   23651474  -23956347  -23956163
 1117015   23659150   23657825  -23964089  -23963915
 1117064   23665487   23664152  -23971840  -23971666
 1117115   23671817   23670483  -23979574  -23979385
 1117164   23678147   23676818  -23987315  -23987123
 1117214   23684465   23683149  -23995055  -23994883
 1117265   23690802   23689495  -24002772  -24002640
 1117314   23697133   23695835  -24010515  -24010388
 1117364   23703463   23702174  -24018266  -24018115
 1117414   23709802   23708494  -24026006  -24025829
 1117465   23716136   23714824  -24033750  -24033568
 1117515   23722470   23721157  -24041470  -24041318
 1117564   23728804   23727501  -24049215  -24049073
 1117615   23735143   23733853  -24056947  -24056806
 1117664   23741465   23740166  -24064686  -24064544
 1117714   23747800   23746521  -24072427  -24072283
 1117765   23754158   23752845  -24080170  -24080021
 1117814   23760491   23759169  -24087913  -24087760
 1117865   23766939   23765616  -24095806  -24095631
 1117916   23773344   23772008  -24103646  -24095631
 1117967   23779699   23778381  -24111449  -24111212
 1118017   23786204   23784865  -24119381  -24119134
 1118069   23792620   23791252  -24127172  -24119134
 1118121          0   23791252  -24135147          0
 1118169   23805312   23803917  -24142641          0
 1118219   23811626   23810251  -24150383          0
 1118268   23817951   23816590  -24158111  -24150195
 1118317   23824289   23822940  -24165845  -24157948
 1118367   23830603   23829266  -24173567  -24157948
 1118418   23836925   23835621  -24181293  -24173438
 1118468   23843257   23841953  -24189037  -24181165
 1118519   23849594   23848286  -24196779  -24188884
 1118568   23855938   23854639  -24204526  -24196639
 1118620   23862271   23860982  -24212299  -24212192
 1118668   23868591   23867305  -24220039  -24219901
 1118718   23874924   23873630  -24227775  -24227621
 1118769   23881258   23879970  -24235524  -24235341
 1118818   23887613   23886302  -24243279  -24243082
 1118868   23893968   23892625  -24251034  -24250841
 1118918   23900288   23898956  -24258777  -24258558
 1118968   23906609   23905283  -24266520  -24266255
 1119018   23912946   23911621  -24274267  -24273989
 1119067   23919304   23917961  -24282004  -24281769
 1119118   23925639   23924290  -24289732  -24289516
 1119168   23931948   23930615  -24297466  -24297196
 1119218   23938277   23936943  -24305210  -24304932
 1119268   23944631   23943295  -24312948  -24312728
 1119318   23950973   23949629  -24320688  -24320485
 1119367   23957289   23955957  -24328385  -24328202
 1119419   23963591   23962284  -24336113  -24335910
 1119468   23969924   23968610  -24343856  -24343649
 1119519   23976259   23974969  -24351611  -24351413
 1119568   23982633   23981308  -24359371  -24359173
 1119618   23988959   23987625  -24367087  -24366904
 1119668   23995259   23993960  -24374816  -24374616
 1119718   24001592   24000301  -24382553  -24382372
 1119768   24007954   24006653  -24390320  -24390150
 1119820   24014284   24012969  -24398047  -24397873
 1119867   24020626   24019284  -24405778  -24405571
 1119921   24026942   24025602  -24413553  -24413253
 1119968   24033275   24031935  -24421316  -24420995
 1120018   24039636   24038272  -24429071  -24428742
 1120068   24045994   24044595  -24436809  -24436503
 1120117   24052325   24050924  -24444537  -24444231
 1120168   24058643   24057251  -24452284  -24451939
 1120218   24064963   24063584  -24460027  -24459647
 1120268   24071313   24069919  -24467774  -24467409
 1120318   24077674   24076252  -24475502  -24475181
 1120368   24084021   24082585  -24483242  -24482937
 1120418   24090334   24088917  -24490980  -24490644
 1120468   24096666   24095249  -24498719  -24498357
 1120518   24102969   24101586  -24506457  -24506079
 1120567   24109305   24107924  -24514196  -24513863
 1120618   24115667   24114262  -24521906  -24521646
 1120668   24121988   24120601  -24529617  -24529403
 1120717   24128291   24126954  -24537345  -24537115
 1120769   24134607   24133281  -24545069  -24544879
 1120817   24140943   24139632  -24552782  -24552654
 1120868   24147326   24146043  -24560602  -24560473
 1120918   24153659   24152388  -24568338  -24560473
 1120971   24160203   24158912  -24576322  -24576159
 1121020   24166561   24165260  -24584090          0
 1121071   24173099   24171824  -24592094  -24591952
 1121122   24179438   24178161  -24599833  -24599696
 1121172   24185883   24184580  -24607673  -24599696
 1121223   24192266   24190992  -24615483          0
 1121275   24198776   24197496  -24623464          0
 1121324   24205158   24203863  -24631245  -24631090
 1121376   24211494          0          0          0
 1121426   24218005   24216693  -24646946  -24646780
 1121477   24224454   24223133  -24654828  -24654635
 1121528   24230898   24229575  -24662710  -24662502
 1121579   24237332   24236025  -24670582  -24670372
 1121630   24243824   24242500  -24678506  -24678284
 1121682          0          0          0          0
 1121732   24256502   24255159  -24693983          0
 1121781   24262837   24261478  -24701744          0
 1121831   24269172   24267801  -24709496  -24709226
 1121880   24275511   24274129  -24717258  -24716937
 1121932   24281859   24280458  -24725003  -24724673
 1121979   24288190   24286803  -24732763  -24732401
 1122029   24294525   24293131  -24740498  -24732401
 1122080   24300805   24299401  -24748280  -24747957
 1122130   24307050   24305659  -24756084  -24747957
 1122180   24313291   24311918  -24763885  -24763536
 1122229   24319563   24318177  -24771656  -24771368
 1122280   24325805   24324454  -24779466  -24779179
 1122332   24332065   24330714  -24787269  -24779179
 1122380   24338357   24336982  -24795050  -24794804
 1122429   24344597   24343237  -24802834  -24802618
 1122480   24350844   24349497  -24810614  -24810401
 1122530   24357094   24355766  -24818396  -24818214
 1122580   24363344   24362025  -24826196  -24826013
 1122629   24369604   24368292  -24833975  -24833825
 1122680   24375855   24374561  -24841770  -24841653
 1122729   24382107   24380810  -24849583  -24849463
 1122780   24388364   24387041  -24857380  -24857252
 1122831   24394622   24393327  -24865173  -24865054
 1122880   24400881   24399598  -24872982  -24872872
 1122930   24407142   24405886  -24880793  -24880684
 1122979   24413401   24412135  -24888601  -24880801
 1123029   24419659   24418381  -24896395  -24896271
 1123080   24425917   24424624  -24904188  -24904043
 1123131   24432177   24430872  -24912013  -24911819
 1123180   24438434   24437124  -24919856  -24911819
 1123229   24444693   24443390  -24927679  -24927370
 1123280   24450952   24449622  -24935505  -24935112
 1123329   24457265   24455874  -24943306  -24942962
 1123380   24463542   24462126  -24951095  -24950792
 1123430   24469814   24468376  -24958883  -24958594
 1123479   24476077   24474643  -24966682  -24966406
 1123531   24482188   24480771  -24974619  -24974263
 1123580   24488031   24486616  -24982766  -24982383
 1123630   24493742   24492336  -24990973  -24990599
 1123680   24499421   24498023  -24999215  -24998827
 1123729   24504973   24503553  -25007542  -25007174
 1123780   24510314   24508882  -25015944  -25015652
 1123830   24515543   24514165  -25024445  -25024233
 1123879   24520790   24519479  -25032899  -25032696
 1123930   24526064   24524770  -25041370  -25032696
 1123980   24531331   24530024  -25049882  -25049717
 1124030   24536613   24535320  -25058354  -25058221
 1124080   24541874   24540594  -25066852  -25066704
 1124130   24547135   24545857  -25075381  -25066736
 1124180   24552410   24551141  -25083861  -25083708
 1124229   24557689   24556417  -25092329  -25092225
 1124279   24562962   24561689  -25100842  -25100754
 1124331   24568225   24566951  -25109319  -25109226
 1124380   24573507   24572244  -25117830  -25117699
 1124430   24578698   24577415  -25126391  -25126238
 1124482   24583891   24582605          0          0
 1124531   24589004   24587734  -25143521          0
 1124582   24594123   24592844  -25152115  -25152010
 1124629   24599165   24597900  -25160753  -25160661
 1124680   24604103   24602841  -25169468  -25169367
 1124729   24608833   24607569  -25178268  -25178181
 1124779   24613527   24612260  -25187090  -25187008
 1124830   24618233   24616977  -25195896  -25195797
 1124880   24622928   24621651  -25204771  -25204579
 1124930   24627629   24626339  -25213616  -25213394
 1124979   24632361   24631045  -25222452  -25222244
 1125029   24637133   24635736  -25231284  -25222244
 1125079   24641804   24640433  -25240103  -25239908
 1125131   24646460   24645148  -25248906  -25248674
 1125184   24651163   24649837  -25257783  -25257515
 1125229   24655884   24654533  -25266594  -25266355
 1125279   24660434   24659100  -25275491  -25275256
 1125330   24664905   24663584  -25284424  -25284204
 1125380   24669394   24668081  -25293317  -25293180
 1125430   24673873   24672586  -25302244  -25302131
 1125479   24678364   24677077  -25311191  -25311079
 1125531   24682865   24681573  -25320077  -25320033
 1125579   24687342   24686061  -25329042  -25328967
 1125630   24691824   24690547  -25337971  -25337897
 1125682   24696311   24695030  -25346930  -25337897
 1125729   24700801   24699491  -25355942  -25355652
 1125779   24705333   24703984  -25364876  -25355652
 1125831   24709891   24708469  -25373794  -25373592
 1125880   24714332   24712961  -25382745  -25373592
 1125931   24718783   24717479  -25391658  -25373592
 1125979   24723274   24721948  -25400614  -25373592
 1126030   24727812   24726427  -25409577  -25373592
 1126080   24732343   24730903  -25418520  -25373592
 1126130   24736811   24735386  -25427462  -25373592
 1126180   24741302   24739875  -25436410  -25373592
 1126229   24745794   24744359  -25445348  -25373592
 1126280   24750268   24748856  -25454284  -25373592
 1126330   24754733   24753385  -25463207  -25373592
 1126380   24759225   24757881  -25472106  -25373592
 1126430   24763706   24762378  -25481029  -25373592
 1126479   24768187   24766860  -25489937  -25373592
 1126530   24772662   24771368  -25498842  -25373592
 1126582   24777150   24775855  -25507798  -25373592
 1126630   24781647   24780347  -25516729  -25373592
 1126680   24786134   24784832  -25525652  -25373592
 1126730   24790618   24789322  -25534573  -25373592
 1126779   24795104   24793821  -25543523  -25373592
 1126830   24799592   24798308  -25552470  -25373592
 1126879   24804127   24802797  -25561409  -25373592
 1126930   24808667   24807268  -25570357  -25373592
 1126979   24813117   24811761  -25579308  -25373592
 1127030   24817639   24816312  -25588348          0
 1127083   24822375   24821035  -25597415  -25597106
 1127131   24827152   24825768  -25606233          0
 1127182   24831965   24830585  -25615164  -25614920
 1127233   24836795   24835444  -25624205  -25623942
 1127285   24841758   24840395  -25633218  -25623942
 1127335   24846734   24845373  -25642027  -25641707
 1127388   24851796   24850381  -25650938  -25650662
 1127437   24856784   24855354  -25659728  -25659486
 1127488   24861662          0          0          0
 1127538   24866555   24865176      -5225  -25676795
 1127588   24871489   24870094  -25685897  -25685515
 1127639   24876420   24875014  -25694599  -25694242
 1127687   24881341   24879931  -25703282  -25702954
 1127736   24886233   24884853  -25711985  -25711659
 1127786   24891117   24889780  -25720678  -25720384
 1127836   24896026   24894694  -25729382  -25729113
 1127887   24900970   24899622  -25738069  -25737847
 1127937   24905899   24904533  -25746794  -25746572
 1127986   24910869   24909510  -25755444  -25755205
 1128037   24915995   24914665  -25764012  -25763785
 1128087   24921157   24919849  -25772596  -25772331
 1128137   24926355   24925031  -25781161  -25780883
 1128187   24931568   24930210  -25789682  -25789451
 1128237   24936733   24935377  -25798253  -25798003
 1128286   24941904   24940557  -25806830  -25806524
 1128336   24947120   24945730  -25815384  -25815075
 1128387   24952324   24950919  -25823912  -25815246
 1128437   24957462   24956103  -25832472  -25832220
 1128489   24962629   24961292  -25841008  -25840747
 1128537   24967818   24966465  -25849595  -25849299
 1128588   24973033   24971646  -25858146  -25857825
 1128637   24978217   24976816  -25866729  -25866410
 1128687   24983391   24982018  -25875270  -25874989
 1128736   24988548   24987221  -25883782  -25883531
 1128787   24993709   24992397  -25892303  -25892100
 1128836   24998893   24997589  -25900877  -25900673
 1128887   25004075   25002790  -25909384  -25909267
 1128937   25009231   25007971  -25917952  -25917793
 1128989   25014409   25013129  -25926522  -25926322
 1129037   25019601   25018308  -25935082  -25934886
 1129087   25024675   25023410  -25943661  -25943537
 1129137   25029599   25028297  -25952381  -25952272
 1129187   25034372   25033078  -25961170  -25961045
 1129237   25039176   25037902  -25969916  -25969801
 1129287   25043982   25042703  -25978706  -25978540
 1129337   25048789   25047499  -25987505  -25987311
 1129387   25053595   25052314  -25996274  -25987311
 1129437   25058464   25057138  -26005022  -26004844
 1129489   25063267   25061908  -26013827  -26013647
 1129536   25068047   25066750  -26022576  -26022399
 1129587   25072836   25071570  -26031338  -26031161
 1129637   25077640   25076376  -26040111  -26039955
 1129687   25082460   25081191  -26048869  -26048718
 1129736   25087293   25085976  -26057657  -26057470
 1129788   25092100   25090781  -26066447  -26066212
 1129836   25096908   25095579  -26075218  -26074952
 1129888   25101719   25100374  -26084002  -26083722
 1129937   25106550   25105192  -26092754  -26092504
 1129987   25111361   25110024  -26101527          0
 1130038   25116193   25114884  -26110420          0
 1130089   25121103   25119787  -26119371          0
 1130140   25125932   25124583  -26128158          0
 1130190   25130758   25129397          0          0
 1130240   25135579   25134196  -26145688          0
 1130289   25140370   25139003  -26154465          0
 1130339   25145181   25143826  -26163220          0
 1130388   25150072   25148721  -26171921  -26162973
 1130437   25155249   25153910  -26180450  -26180282
 1130488   25160584   25159243  -26188876  -26180282
 1130538   25166003   25164687  -26197280  -26188727
 1130588   25171453   25170117  -26205695  -26197051
 1130638   25176945   25175595  -26214086  -26213860
 1130688   25182587   25181195  -26222367  -26213860
 1130738   25188485   25187098  -26230418  -26230180
 1130788   25194551   25193183  -26238342  -26238079
 1130838   25200664   25199283  -26246277  -26245997
 1130888   25206800   25205395  -26254231  -26253927
 1130939   25212915   25211497  -26262160  -26261838
 1130989   25219012   25217600  -26270087  -26269739
 1131039   25225108   25223702  -26278012  -26277639
 1131089   25231215   25229808  -26285932  -26285549
 1131138   25237336   25235921  -26293842  -26293489
 1131188   25243430   25242032  -26301761  -26301435
 1131238   25249327   25247932  -26309816  -26309531
 1131289   25254867   25253503  -26318102  -26317869
 1131339   25260309   25258988  -26326474  -26326249
 1131389   25265753   25264445  -26334839  -26334634
 1131438   25271210   25269907  -26343212  -26343043
 1131488   25276654   25275391  -26351560  -26351416
 1131539   25282101   25280840  -26359934  -26359781
 1131589   25287553   25286301  -26368336  -26368165
 1131639   25293012   25291756  -26376704  -26376552
 1131688   25298476   25297212  -26385092  -26384943
 1131739   25303926   25302626  -26393492  -26393349
 1131789   25309314   25307989  -26401944  -26401773
 1131838   25314672   25313365  -26410356  -26410163
 1131890   25320052   25318756  -26418808  -26418580
 1131939   25325447   25324118  -26427258  -26427014
 1131988   25330839   25329495  -26435675  -26435445
 1132038   25336202   25334884  -26444111  -26443881
 1132089   25341578   25340260  -26452528  -26452322
 1132139   25346966   25345634  -26460977  -26460738
 1132188   25352326   25351008  -26469418  -26469146
 1132239   25357708   25356393  -26477826  -26477596
 1132288   25363097   25361777  -26486267  -26486073
 1132338   25368496   25367153  -26494698  -26494507
 1132389   25373866   25372531  -26503115  -26502910
 1132438   25379207   25377899  -26511566  -26511280
 1132487   25384586   25383268  -26520015  -26519728
 1132538   25389986   25388649  -26528441  -26528139
 1132588   25395381   25394032  -26536832  -26536589
 1132639   25400744   25399401  -26545276  -26545075
 1132687   25406158   25404795  -26553708  -26553512
 1132738   25411535   25410168  -26562155  -26561938
 1132788   25416921   25415552  -26570557  -26570352
 1132839   25422278   25420920  -26578990  -26578749
 1132889   25427643   25426295  -26587453  -26587161
 1132938   25433045   25431663  -26595878  -26595578
 1132989   25438462   25437090  -26604391  -26604087
 1133039   25443927   25442572  -26612941          0
 1133091   25449425   25448081  -26621535          0
 1133142   25454900   25453546  -26630109          0
 1133191   25460260   25458925  -26638550  -26638342
 1133244   25465643   25464294          0          0
 1133293   25471068   25469653          0          0
 1133343   25476491   25475034  -26663882  -26663645
 1133394   25481846   25480407  -26672358  -26672026
 1133444   25487194   25485791  -26680789  -26671983
 1133491   25492560   25491193  -26689178  -26688884
 1133541   25497909   25496580  -26697586  -26697372
 1133592   25503270   25501972  -26705985  -26705821
 1133643   25508661   25507360  -26714416  -26714285
 1133691   25514033   25512745  -26722871  -26722690
 1133741   25519402   25518134  -26731274  -26731094
 1133791   25524779   25523528  -26739682  -26739569
 1133841   25530159   25528894  -26748111  -26747998
 1133892   25535526   25534269  -26756542  -26756428
 1133941   25540904   25539660  -26764956  -26764850
 1133992   25546280   25545048  -26773395  -26773265
 1134041   25551668   25550405  -26781827  -26781690
 1134091   25557046   25555769  -26790289  -26790116
 1134144   25562425   25561165  -26798702  -26798565
 1134191   25567858   25566617  -26807082  -26806976
 1134242   25573362   25572114  -26815442  -26815335
 1134291   25578909   25577649  -26823781  -26823666
 1134341   25584447   25583178  -26832155  -26831995
 1134392   25590048   25588696  -26840492  -26832118
 1134442   25595556   25594216  -26848815  -26848625
 1134491   25601062   25599763  -26857123  -26848625
 1134542   25606610   25605294  -26865443  -26865264
 1134591   25612208   25610909  -26873776  -26873580
 1134642   25617862   25616504  -26882067  -26881860
 1134691   25623496   25622087  -26890366  -26890100
 1134741   25629099   25627690  -26898659  -26898324
 1134792   25634722   25633299  -26906929  -26906544
 1134842   25640340   25638915  -26915210  -26914876
 1134891   25645945   25644535  -26923466  -26923188
 1134941   25651545   25650156  -26931733  -26931439
 1134991   25657151   25655793  -26940010  -26939692
 1135041   25662764   25661413  -26948282  -26948003
 1135092   25668498   25667153  -26956440  -26956152
 1135142   25674576   25673213  -26964255  -26964002
 1135191   25680998   25679631  -26971756  -26964002
 1135241   25687727   25686359  -26978922  -26964002
 1135291   25694734   25693385  -26985862  -26985631
 1135342   25701946   25700602  -26992737  -26992538
 1135392   25709165   25707803  -26999642  -26992538
 1135441   25716362   25714985  -27006579  -26992538
 1135492   25723585   25722238  -27013500  -26992538
 1135541   25730811   25729471  -27020462  -27020223
 1135592   25738048   25736706  -27027402  -27020223
 1135643   25745268   25743940  -27034317  -27020223
 1135691   25752431   25751109  -27041229  -27020223
 1135741   25759680   25758348  -27048144  -27020223
 1135791   25766891   25765545  -27055062  -27020223
 1135842   25774117   25772778  -27061974  -27020223
 1135894   25781341   25779992  -27068888  -27020223
 1135941   25788570   25787206  -27075812  -27020223
 1135992   25795649   25794328  -27082924  -27020223
 1136043   25802747   25801413  -27089987  -27020223
 1136092   25809837   25808497  -27097047  -27020223
 1136143   25817072   25815778  -27104246  -27096805
 1136192   25824180   25822864  -27111309          0
 1136244   25831501   25830152  -27118617  -27118388
 1136296   25838778   25837441  -27125869  -27125646
 1136347   25845876   25844544  -27132939  -27125544
 1136397   25853109   25851777  -27140153  -27139913
 1136448   25860294   25858946  -27147322  -27147067
 1136499          0   25866184  -27154650          0
 1136550   25874335          0          0          0
 1136600   25881280   25879919  -27168761  -27168527
 1136650   25888223   25886857  -27175941  -27175701
 1136699   25894968   25893613  -27183292  -27183031
 1136747   25901422   25900063  -27190970  -27190718
 1136799   25907651   25906340  -27198805  -27198557
 1136847   25913879   25912578  -27206640  -27206407
 1136897   25920112   25918766  -27214470  -27214248
 1136947   25926329   25924968  -27222316  -27222082
 1136998   25932529   25931177  -27230160  -27229894
 1137049   25938476   25937124  -27238251  -27237958
 1137098   25944097   25942729  -27246516  -27246264
 1137147   25949558   25948214  -27254873  -27254589
 1137197   25955034   25953699  -27263247  -27262939
 1137247   25960523   25959191  -27271602  -27271346
 1137298   25966030   25964695  -27279976  -27279761
 1137349   25971512   25970176  -27288329  -27288141
 1137397   25976967   25975674  -27296640  -27296493
 1137448   25982433   25981161  -27305022  -27304825
 1137498   25987909   25986622  -27313429  -27313162
 1137548   25993403   25992099  -27321793  -27321508
 1137598   25998935   25997567  -27330177  -27329879
 1137647   26004432   26003041  -27338570  -27338221
 1137697   26009908   26008520  -27346914  -27346572
 1137749   26015367   26014023  -27355260  -27354978
 1137799   26020829   26019529  -27363605  -27363316
 1137849   26026308   26024996  -27371962  -27371723
 1137898   26031806   26030487  -27380314  -27380059
 1137948   26037316   26035963  -27388685  -27388436
 1137998   26042804   26041430  -27397074  -27396772
 1138048   26048283   26046931  -27405435  -27405137
 1138098   26053766   26052416  -27413784  -27413538
 1138149   26059234   26057898  -27422139  -27421875
 1138198   26064709   26063376  -27430487  -27430226
 1138248   26070164   26068866  -27438857  -27438563
 1138298   26075663   26074353  -27447217  -27446928
 1138348   26081182   26079833  -27455601  -27455332
 1138397   26086684   26085295  -27463978  -27463719
 1138448   26092145   26090799  -27472307  -27472041
 1138498   26097566   26096255  -27480684  -27480421
 1138550   26102969   26101661  -27489097  -27488862
 1138598   26108394   26107084  -27497490  -27497279
 1138648   26113781   26112455  -27505919  -27505729
 1138700   26119105   26117779  -27514380  -27514202
 1138747   26124407   26123124  -27522832  -27522626
 1138798   26129720   26128443  -27531298  -27531099
 1138848   26135041   26133778  -27539731  -27539598
 1138898   26140367   26139118  -27548179  -27548066
 1138948   26145691   26144456  -27556643  -27556551
 1138997   26151018   26149776  -27565098  -27565015
 1139050   26156355   26155103  -27573580  -27573430
 1139099   26161681   26160411  -27582082  -27581862
 1139148   26167006   26165732  -27590543  -27590348
 1139198   26172336   26171092  -27598972  -27598851
 1139249   26177675   26176415  -27607469  -27607333
 1139298   26183033   26181722  -27615953  -27615795
 1139349   26188352   26187048  -27624397  -27615782
 1139398   26193649   26192356  -27632882  -27632602
 1139448   26199001   26197690  -27641440          0
 1139500   26204481   26203106  -27650067          0
 1139551   26209830   26208419          0          0
 1139601   26215149   26213744  -27667001  -27666666
 1139650   26220466   26219069  -27675469  -27675102
 1139700   26225790   26224398  -27683912  -27683598
 1139749   26231126   26229729  -27692358  -27683598
 1139800   26236455   26235069  -27700811  -27700521
 1139850   26241769   26240394  -27709326  -27708983
 1139898   26247112   26245724  -27717773  -27717434
 1139949   26252438   26251048  -27726248  -27725900
 1139999   26257752   26256369  -27734708  -27734385
 1140050   26263060   26261711  -27743133  -27742841
 1140099   26268428   26267104  -27751534  -27742841
 1140149   26273821   26272532  -27759904  -27759724
 1140199   26279224   26277959  -27768332  -27768167
 1140249   26284687   26283427  -27776699  -27776552
 1140300   26290178   26288918  -27785052  -27784924
 1140349   26295775   26294509  -27793356  -27793176
 1140398   26301410   26300127  -27801618  -27801441
 1140449   26307059   26305781  -27809881  -27809691
 1140499   26312717   26311416  -27818148  -27817972
 1140549   26318498   26317173  -27826333  -27826150
 1140600   26324522   26323208  -27834246  -27834031
 1140648   26330887   26329571  -27841867  -27841617
 1140700   26337608   26336281  -27849224  -27848988
 1140749   26344541   26343205  -27856421  -27856196
 1140799   26351520   26350191  -27863578  -27863351
 1140849   26358508   26357176  -27870746  -27870498
 1140898   26365532   26364193  -27877848  -27877612
 1140948   26372593   26371253  -27884924  -27877524
 1140998   26379651   26378307  -27892029  -27891789
 1141049   26386713   26385372  -27899124  -27898884
 1141099   26393772   26392429  -27906207  -27899056
 1141148   26400833   26399486  -27913291  -27913051
 1141198   26407892   26406546  -27920363  -27920131
 1141249   26414953   26413622  -27927450  -27927211
 1141299   26422012   26420680  -27934528  -27934297
 1141350   26429058   26427740  -27941610  -27941378
 1141398   26436121   26434806  -27948713  -27948467
 1141449   26443109   26441793  -27955869  -27955615
 1141499   26449915   26448596  -27963200  -27962955
 1141549   26456624   26455328  -27970605  -27970363
 1141602   26463193   26461905  -27978123  -27977888
 1141649   26469489   26468184  -27985933  -27985670
 1141698   26475684   26474364  -27993823  -27993524
 1141749   26481907   26480538  -28001688  -28001378
 1141800   26488092   26486711  -28009547  -28009237
 1141853   26494257   26492900  -28017400  -28017098
 1141899   26500423   26499105  -28025255  -28024992
 1141948   26506619   26505305  -28033111  -28032905
 1141999   26512768   26511458  -28040982  -28040763
 1142049   26518941   26517639  -28048841  -28048554
 1142100   26525134   26523817  -28056722  -28056383
 1142149   26531354   26529992  -28064578  -28064273
 1142199   26537596   26536246  -28072524  -28072234
 1142250   26543790   26542416  -28080403  -28080064
 1142301   26550141   26548763  -28088489  -28080064
 1142352   26556408   26554980  -28096385  -28088115
 1142401   26562643   26561243  -28104326  -28104026
 1142453   26568930   26567522  -28112333          0
 1142504   26575302   26573890  -28120463          0
 1142555   26581631   26580192  -28128497  -28120098
 1142604   26587827   26586378  -28136359  -28128114
 1142656   26594136   26592745  -28144439          0
 1142711   26600273   26598927  -28152297  -28151886
 1142758   26606605   26605257  -28160357  -28159947
 1142809   26612931   26611543  -28168295          0
 1142859   26619160   26617749  -28176203  -28175938
 1142910   26625312   26623954          0          0
 1142961   26631465   26630141  -28191882  -28191583
 1143010   26637641   26636326  -28199741  -28199454
 1143061   26643829   26642513  -28207581  -28207348
 1143109   26650043   26648716  -28215461  -28215261
 1143158   26656229   26654901  -28223332  -28223131
 1143210   26662384   26661080  -28231133  -28230975
 1143260   26668552   26667267  -28238986  -28238794
 1143309   26674731   26673436  -28246873  -28246640
 1143359   26680912   26679613  -28254776  -28254519
 1143409   26687095   26685825  -28262657  -28262399
 1143459   26693333   26691973  -28270570  -28262399
 1143509   26699573   26698186  -28278374  -28262399
 1143559   26705839   26704441  -28286167  -28285831
 1143608   26712074   26710698  -28293991  -28285831
 1143660   26718508   26717125  -28301655  -28285831
 1143708   26725058   26723661  -28309229  -28285831
 1143759   26731612   26730212  -28316786  -28285831
 1143809   26738158   26736767  -28324336  -28285831
 1143859   26744706   26743337  -28331890  -28285831
 1143909   26751267   26749893  -28339441  -28285831
 1143958   26757821   26756457  -28346988  -28346596
 1144009   26764384   26763014  -28354522  -28346596
 1144060   26770959   26769575  -28362052  -28346596
 1144108   26777488   26776133  -28369582  -28346596
 1144158   26784030   26782692  -28377095  -28346596
 1144209   26790577   26789250  -28384655  -28346596
 1144259   26797139   26795847  -28392203  -28346596
 1144309   26803694   26802396  -28399728  -28392022
 1144358   26810250   26808955  -28407266  -28399577
 1144408   26816802   26815526  -28414821  -28407130
 1144460   26823364   26822072  -28422366  -28414671
 1144509   26829920   26828631  -28429933  -28422203
 1144559   26836508   26835217  -28437473  -28429750
 1144609   26843207   26841908  -28444935  -28437273
 1144659   26850034   26848733  -28452265  -28444710
 1144709   26856909   26855590  -28459517  -28452025
 1144760   26863778   26862453  -28466765  -28452025
 1144810   26870638   26869314  -28474005  -28466534
 1144860   26877536   26876203  -28481251  -28466534
 1144908   26884567   26883250  -28488376  -28466534
 1144959   26891848   26890528  -28495255  -28488177
 1145009   26899138   26897831  -28502098  -28495036
 1145061   26906499   26905186  -28508905  -28501868
 1145108   26913885   26912541  -28515684  -28508640
 1145159   26921217   26919910  -28522474  -28515419
 1145209   26928611   26927214  -28529239  -28522196
 1145260   26935994   26934586  -28535987  -28528971
 1145311   26943550   26942124  -28542533  -28535718
 1145358   26951110   26949672  -28549079  -28542282
 1145408   26958726   26957281  -28555560  -28548824
 1145460   26966307   26964873  -28562048  -28555304
 1145509   26973928   26972554  -28568532  -28561805
 1145560   26981529   26980178  -28575023  -28509248
 1145608   26989116   26987767  -28581502  -28574784
 1145659   26996719   26995368  -28587983  -28581276
 1145709   27004346   27002989  -28594469  -28587754
 1145761   27011951          0          0          0
 1145810   27020049   27018791  -28607277  -28607058
 1145861   27028247   27026960  -28613521  -28607058
 1145911   27036241   27034938  -28619577  -28607058
 1145963   27044327   27042998  -28625722  -28625485
 1146013   27052469   27051123  -28631938  -28631667
 1146065   27060439   27059061  -28637994          0
 1146114   27068401   27067015  -28644049          0
 1146166   27076348   27074997  -28650108  -28649834
 1146214   27084279   27082985  -28656147  -28649834
 1146263   27092219   27090964  -28662192  -28649834
 1146313   27100171   27098898  -28668245  -28668010
 1146363   27108169   27106826  -28674296  -28668010
 1146414   27116159   27114811  -28680356  -28668010
 1146463   27124120   27122773  -28686440  -28668010
 1146514   27132083   27130726  -28692521  -28668010
 1146563   27139921   27138548  -28698699  -28668010
 1146613   27147755   27146358  -28704938  -28668010
 1146663   27155325   27153948  -28711424  -28668010
 1146714   27162817   27161411  -28718119  -28668010
 1146764   27170314   27168893  -28724838  -28668010
 1146813   27177817   27176393  -28731583  -28668010
 1146864   27185303   27183895  -28738326  -28668010
 1146913   27192795   27191385  -28745058  -28668010
 1146963   27200284   27198861  -28751785  -28668010
 1147014   27207768   27206336  -28758506  -28668010
 1147063   27215259   27213802  -28765223  -28668010
 1147114   27222745   27221305  -28771954  -28668010
 1147163   27230231   27228802  -28778685  -28668010
 1147214   27237571   27236175  -28785525  -28668010
 1147264   27244605   27243253  -28792604  -28668010
 1147313   27251326   27249981  -28800000  -28668010
 1147363   27257708   27256369  -28807753  -28668010
 1147413   27263759   27262432  -28815789  -28668010
 1147463   27269565   27268244  -28823945  -28668010
 1147515   27275269   27273895  -28832183  -28668010
 1147564   27280934   27279557  -28840434  -28668010
 1147613   27286593   27285228  -28848668  -28668010
 1147663   27292254   27290888  -28856928  -28668010
 1147714   27297950   27296550  -28865185  -28668010
 1147763   27303632   27302223  -28873427  -28864880
 1147813   27309291   27307890  -28881650  -28873101
 1147863   27314938   27313572  -28889874  -28881341
 1147913   27320605   27319255  -28898101  -28889614
 1147965   27326273   27324920  -28906338  -28897870
 1148014   27331927   27330625  -28914575  -28914343
 1148063   27337587   27336260  -28922801  -28914343
 1148113   27343241   27341921  -28931046  -28922552
 1148163   27348941   27347592  -28939294  -28930809
 1148214   27354663   27353304  -28947505  -28939074
 1148264   27360567   27359223  -28955549  -28947291
 1148314   27366560   27365215  -28963574  -28963304
 1148364   27372637   27371283  -28971526  -28971283
 1148413   27378746   27377357  -28979481  -28971283
 1148464   27385118   27383754  -28987193  -28986863
 1148513   27391652   27390275  -28994772  -28994440
 1148563   27398272   27396896  -29002318  -29002002
 1148613   27404867   27403485  -29009809  -29009466
 1148663   27411471   27410091  -29017314  -29016955
 1148718   27418077   27416712  -29024854  -29024488
 1148764   27424689   27423319  -29032342  -29032005
 1148813   27431369   27430003  -29039784  -29039463
 1148865   27438062   27436683  -29047209          0
 1148915   27444741          0          0          0
 1148965   27451401   27450048  -29062071          0
 1149014   27458072   27456733  -29069527  -29069247
 1149063   27464754   27463418  -29076967  -29076694
 1149114   27471451   27470099  -29084408  -29084137
 1149163   27478117   27476766  -29091839  -29091561
 1149214   27484804   27483456  -29099285  -29099020
 1149263   27491559   27490202  -29106683  -29106436
 1149312   27498363   27497008  -29113990  -29113735
 1149363   27505298   27503969  -29121178  -29120929
 1149413   27512413   27511095  -29128227  -29127980
 1149464   27519620   27518289  -29135163  -29134904
 1149515   27526840   27525504  -29142054  -29141822
 1149563   27534043   27532723  -29148971  -29148729
 1149614   27541273   27539940  -29155894  -29155658
 1149663   27548498   27547133  -29162816  -29162580
 1149714   27555718   27554370  -29169757  -29169483
 1149764   27562939   27561594  -29176693  -29176415
 1149812   27570158   27568799  -29183612  -29183328
 1149863   27577378   27575999  -29190515  -29190238
 1149915   27584598   27583244  -29197442  -29197170
 1149963   27591817   27590487  -29204368  -29197170
 1150014   27599020   27597708  -29211287  -29204094
 1150063   27606228   27604926  -29218204  -29217931
 1150114   27613425   27612115  -29225119  -29224844
 1150163   27620658   27619344  -29232039  -29231769
 1150213   27627877   27626554  -29238955  -29238695
 1150264   27635106   27633775  -29245862  -29245631
 1150314   27642334   27641002  -29252786  -29252553
 1150363   27649663   27648331  -29259568  -29259332
 1150414   27657264   27655912  -29266042  -29265813
 1150464   27665144   27663775  -29272200  -29271963
 1150513   27673171   27671831  -29278194  -29277948
 1150563   27681188   27679822  -29284198  -29283930
 1150613   27689229   27687876  -29290154  -29289864
 1150663   27697396   27696015  -29295921  -29295646
 1150713   27705677   27704302  -29301482  -29301205
 1150763   27713994   27712637  -29307039  -29306771
 1150812   27722290   27720995  -29312606  -29312349
 1150863   27730572   27729326  -29318166  -29317935
 1150913   27738881   27737641  -29323698  -29323496
 1150963   27747189   27745951  -29329261  -29329059
 1151013   27755486   27754266  -29334823  -29334629
 1151063   27763796   27762574  -29340387  -29340192
 1151114   27772113   27770882  -29345950  -29345758
 1151163   27780413   27779210  -29351514  -29351333
 1151213   27788720   27787505  -29357077  -29356903
 1151264   27797040   27795834  -29362657  -29362450
 1151313   27805350   27804148  -29368215  -29368014
 1151363   27813646   27812425  -29373786  -29373590
 1151413   27821916   27820644  -29379462  -29379252
 1151463   27830104   27828811  -29385226  -29384997
 1151514   27838074   27836766  -29391330  -29391057
 1151563   27845747   27844397  -29397726  -29397457
 1151613   27853366   27851973  -29404418  -29397457
 1151665          0          0          0  -29397457
 1151716   27868327          0          0          0
 1151766   27875756   27874364  -29424380         18
 1151815   27883215   27881817  -29431067  -29424110
 1151865   27890594   27889196  -29437800  -29430797
 1151915   27897964   27896568  -29444548  -29437547
 1151965   27905341   27903962  -29451304  -29444144
 1152015   27912727   27911355  -29458057  -29457815
 1152064   27919896   27918525  -29465038  -29464788
 1152114   27926726   27925347  -29472352  -29472087
 1152164   27933303   27931929  -29479888  -29479548
 1152214   27939839   27938494  -29487415  -29487114
 1152264   27946314   27944972  -29495017  -29494748
 1152314   27952774   27951437  -29502639  -29502400
 1152364   27959202   27957881  -29510318  -29510108
 1152414   27965450   27964148  -29518121  -29517935
 1152464   27971596   27970307  -29525999  -29525793
 1152514   27977723   27976440  -29533913  -29533688
 1152563   27983863   27982574  -29541819  -29541602
 1152613   27989873   27988583  -29549795  -29549601
 1152664   27995767   27994479  -29557860  -29557658
 1152714   28001659   28000352  -29565939  -29565751
 1152766   28007534   28006220  -29574075  -29573841
 1152814   28013424   28012088  -29582155  -29581905
 1152863   28019300   28017952  -29590270  -29589978
 1152914   28025173   28023817  -29598373  -29598060
 1152964   28031062   28029692  -29606474  -29606132
 1153014   28037121   28035732  -29614404  -29614062
 1153064   28043506   28042113  -29622008  -29621636
 1153114   28050205   28048825  -29629247  -29628906
 1153164   28057216   28055866  -29636177  -29635870
 1153214   28064576   28063234  -29642780  -29642520
 1153264   28072199   28070838  -29649184  -29648943
 1153314   28079914   28078554  -29655543  -29655316
 1153363   28087516   28086257  -29661900  -29661671
 1153414   28095266   28093961  -29668252  -29668042
 1153464   28102978   28101677  -29674610  -29674397
 1153515   28110704   28109420  -29680988  -29680777
 1153563   28118421   28117132  -29687352  -29687130
 1153614   28126146   28124819  -29693698  -29693475
 1153665   28133872   28132519  -29700055  -29699825
 1153714   28141605   28140201  -29706458  -29706209
 1153764   28149206   28147800  -29713079  -29712788
 1153814   28156732   28155318  -29719835  -29719517
 1153864   28164011   28162629  -29726681  -29726370
 1153918   28171091   28169725  -29733729  -29733437
 1153964   28177830   28176476  -29741121  -29740806
 1154014   28184281   28182928  -29748779  -29748461
 1154063   28190638   28189304  -29756394  -29756200
 1154113   28196997   28195669  -29764149  -29763924
 1154163   28203352   28202084  -29771864  -29771641
 1154214   28209708   28208442  -29779591  -29779387
 1154264   28215978   28214707  -29787343  -29787172
 1154314   28221914   28220647  -29795434  -29787172
 1154363   28227567   28226303  -29803703  -29803561
 1154415   28233270   28232009  -29812020  -29811871
 1154466   28238937   28237691  -29820240          0
 1154516   28244600   28243332          0          0
 1154565   28250242   28248976  -29836786  -29836534
 1154615   28255933   28254647  -29845004  -29844783
 1154665   28261599   28260350  -29853227  -29844783
 1154715   28267278   28266009  -29861464  -29861308
 1154765   28272946   28271686  -29869718  -29861308
 1154814   28278847   28277570  -29877827  -29877587
 1154864   28285071   28283780  -29885606  -29885363
 1154914   28291636   28290325  -29893060  -29892785
 1154965   28298503   28297166  -29900178  -29899914
 1155014   28305682   28304339  -29907002  -29906711
 1155064   28313200   28311852  -29913466  -29913175
 1155117   28320947   28319631  -29919619  -29919333
 1155165   28329124   28327783  -29925431  -29919333
 1155215   28337357   28336053  -29931095  -29919333
 1155265   28345644   28344344  -29936756  -29919333
 1155314   28353909   28352577  -29942420  -29919333
 1155365   28361949   28360645  -29948281  -29919333
 1155414   28369649   28368354  -29954439  -29919333
 1155464   28377121   28375815  -29960928  -29919333
 1155516   28384502   28383181  -29967666  -29919333
 1155564   28391681   28390348  -29974660  -29919333
 1155614   28398596   28397247  -29981892  -29919333
 1155664   28405390   28404033  -29989239  -29919333
 1155714   28412152   28410795  -29996598  -29919333
 1155765   28418856   28417499  -30004039  -29919333
 1155814   28425339   28423989  -30011677  -29919333
 1155864   28431508   28430147  -30019640  -29919333
 1155914   28437415   28435982  -30027863  -29919333
 1155965   28442924   28441473  -30036297  -29919333
 1156014   28448166   28446691  -30044864  -29919333
 1156063   28453223   28451787  -30053491  -29919333
 1156114   28458284   28456868  -30062083  -29919333
 1156164   28463356   28461974  -30070657  -29919333
 1156214   28468429   28467121  -30079258  -29919333
 1156264   28473625   28472335  -30087769  -29919333
 1156315   28479157   28477855  -30096003  -29919333
 1156363   28485001   28483723  -30103967  -29919333
 1156414   28491185   28489901  -30111610  -29919333
 1156464   28497696   28496393  -30118996  -29919333
 1156515   28504378   28503070  -30126354  -29919333
 1156565   28510739   28509461  -30134054  -29919333
 1156614   28516840   28515559  -30141975  -29919333
 1156664   28522946   28521649  -30149903  -29919333
 1156715   28529052   28527756  -30157803  -29919333
 1156764   28535159   28533852  -30165743  -29919333
 1156814   28541265   28539982  -30173682  -29919333
 1156864   28547373   28546105  -30181593  -29919333
 1156914   28553491   28552202  -30189487  -29919333
 1156964   28559589   28558304  -30197410  -29919333
 1157014   28565691   28564402  -30205343  -29919333
 1157064   28571798   28570503  -30213271  -29919333
 1157116   28577905   28576618  -30221182  -29919333
 1157164   28584073   28582816  -30229167  -30229014
 1157216   28590328   28589064  -30237323  -30229014
 1157267   28596471   28595205  -30245246  -30237137
 1157318   28602738   28601474  -30253365  -30253230
 1157367   28608892   28607620  -30261356  -30261211
 1157419   28615070   28613808  -30269372  -30269221
 1157471          0          0          0          0
 1157520   28627138   28625872          0          0
 1157569   28632764   28631488  -30293684  -30293530
 1157619   28638067   28636809  -30302351  -30302219
 1157669   28643046   28641814  -30311366  -30311225
 1157719   28647696   28646413  -30320654  -30320466
 1157769   28652024   28650741  -30329923  -30329701
 1157818   28656033   28654733  -30339249  -30338991
 1157868   28659804   28658474  -30348549  -30348335
 1157918   28663487   28662140  -30357830  -30357585
 1157969   28667095   28665754  -30367186  -30366865
 1158019   28670721   28669371  -30376492  -30376180
 1158071   28674357   28672998  -30385841  -30385506
 1158118   28677925   28676529  -30395223  -30394874
 1158171   28681485   28680064  -30404562  -30404231
 1158219   28684983   28683622  -30413904  -30413518
 1158269   28688687   28687356  -30423211  -30422789
 1158318   28692735   28691367  -30432361  -30431978
 1158368   28696969   28695535  -30441426  -30441099
 1158418   28701336   28699954  -30450349  -30449997
 1158469   28706062   28704702  -30458967  -30450145
 1158520   28711150   28709783  -30467455  -30467127
 1158569   28716418   28715041  -30475942  -30475628
 1158619   28721784   28720390  -30484391  -30484079
 1158669   28727155   28725777  -30492844  -30492529
 1158719   28732518   28731151  -30501284  -30500913
 1158770   28737918   28736528  -30509703  -30509360
 1158818   28743288   28741899  -30518126  -30517783
 1158869   28748665   28747274  -30526571  -30526241
 1158921   28754075   28752660  -30534985  -30534651
 1158968   28759454   28758021  -30543432  -30543092
 1159020   28764814   28763398  -30551853  -30551507
 1159068   28770198   28768797  -30560278  -30551507
 1159118   28775554   28774173  -30568725  -30568354
 1159168   28780960   28779554  -30577131  -30576811
 1159219   28786317   28784935  -30585565  -30576813
 1159269   28791676   28790318  -30593995  -30585261
 1159318   28797049   28795704  -30602430  -30602097
 1159368   28802444   28801087  -30610837  -30545019
 1159419   28807840   28806460  -30619257  -30619023
 1159468   28813204   28811834  -30627689  -30627427
 1159519   28818561   28817219  -30636114  -30627384
 1159568   28823947   28822603  -30644540  -30644288
 1159618   28829324   28827982  -30652988  -30652766
 1159669   28834613   28833287  -30661450  -30661271
 1159720   28839910   28838586  -30669905  -30669754
 1159769   28845174   28843876  -30678403  -30678197
 1159818   28850472   28849172  -30686881  -30686686
 1159868   28855794   28854499  -30695355  -30695205
 1159918   28861083   28859785  -30703857  -30703703
 1159969   28866151   28864845  -30712443  -30712325
 1160019   28870870   28869602  -30721418  -30721261
 1160070   28875406   28874120  -30730844  -30730690
 1160120   28879522   28878256  -30740144  -30739950
 1160172   28883651   28882376  -30749482  -30739950
 1160223   28887754   28886429  -30758674  -30758536
 1160272          0          0  -30758674  -30767941
 1160323   28895782   28894502  -30776991          0
 1160373   28899827   28898522  -30786129  -30785922
 1160424   28903880   28902551  -30795293  -30795099
 1160472   28907965   28906580  -30804458  -30804284
 1160523   28912001   28910619  -30813602  -30813414
 1160572   28916001   28914637  -30822732  -30822536
 1160621   28920000   28918712  -30831895  -30831661
 1160673   28924050   28922740  -30841038  -30840818
 1160723   28928150   28926781  -30850208  -30850018
 1160771   28932196   28930798  -30859365  -30859168
 1160823   28936180   28934834  -30868562  -30868315
 1160872   28940330   28939019  -30877635  -30877367
 1160923   28944598   28943279  -30886670  -30886427
 1160972   28949012   28947664  -30895679  -30895453
 1161021   28953454   28952094  -30904628  -30904419
 1161072   28957880   28956520  -30913596  -30913370
 1161122   28962539   28961190  -30922417  -30922138
 1161172   28967547   28966193  -30931044  -30930727
 1161222   28972814   28971411  -30939557  -30939258
 1161272   28978120   28976684  -30948086  -30947763
 1161322   28983384   28981933  -30956582  -30956230
 1161372   28988641   28987205  -30965087  -30964659
 1161423   28993903   28992479  -30973598  -30973148
 1161473   28999202   28997746  -30982100  -30981658
 1161522   29004498   29003020  -30990592  -30990160
 1161572   29009958   29008487  -30998930  -30998535
 1161622   29015729   29014281  -31006950  -31006569
 1161672   29021839   29020401  -31014760  -31014388
 1161723   29028158   29026740  -31022488  -31022132
 1161771   29034640   29033223  -31030098  -31029779
 1161822   29041363   29039966  -31037471  -31037184
 1161872   29048401   29047035  -31044520  -31044261
 1161923   29055777   29054400  -31051264  -31050998
 1161972   29063500   29062058  -31057668  -31057419
 1162022   29071519   29070095  -31063719  -31063484
 1162072   29079883   29078471  -31069472  -31069224
 1162123   29088577   29087156  -31074949  -31074609
 1162172   29097535   29096110  -31080048  -31079661
 1162222   29106532   29105085  -31084796  -31079661
 1162271   29115523   29114101  -31089223  -31084405
 1162321   29124698   29123248  -31093298  -31088839
 1162372   29133855   29132402  -31097310  -31096977
 1162422   29143047   29141636  -31101261  -31096977
 1162472   29152256   29150847  -31105180  -31104835
 1162521   29161425   29160025  -31109114  -31108765
 1162572   29170633   29169207  -31113015  -31112693
 1162623   29179854   29178401  -31116992  -31116624
 1162672   29189043   29187606  -31120970  -31120548
 1162723   29198200   29196783  -31124949  -31120548
 1162771   29207371   29205888  -31128924  -31128569
 1162821   29216537   29214840  -31132949  -31132581
 1162872   29225680   29223897  -31137056  -31136671
 1162923   29234883   29233184  -31141200  -31136671
 1162973   29244101   29242336  -31145300  -31144928
 1163024   29253496   29251443  -31149492  -31149135
 1163074   29262704   29260423  -31153593  -31149135
 1163126          0   29260423  -31157827  -31153363
 1163178   29280963          0          0          0
 1163227   29290046   29287971          0          0
 1163276   29299195   29297029  -31169959  -31169594
 1163326   29308321   29306138  -31174062  -31173682
 1163375   29317475   29315285  -31178131  -31177793
 1163427   29326588   29324394  -31182216  -31181878
 1163475   29335696   29333541  -31186277  -31185951
 1163527   29344812   29342705  -31190369  -31190041
 1163574   29353920   29351778  -31194443  -31194144
 1163625   29363057   29360982  -31198544  -31198235
 1163674   29372163   29370141  -31202650  -31198235
 1163725   29381299   29379248  -31206705  -31206419
 1163774   29390399   29388340  -31210772  -31206414
 1163824   29399530   29397509  -31214847  -31214595
 1163875   29408634   29406658  -31218940  -31214838
 1163927   29417738   29415807  -31223038  -31222812
 1163976   29426869   29424954  -31227108  -31226900
 1164024   29435980   29434060  -31231200  -31230993
 1164075   29445115   29443198  -31235286  -31235074
 1164125   29454260   29452319  -31239356  -31239164
 1164176   29463391   29461416  -31243448  -31243242
 1164225   29472524   29470555  -31247564  -31247322
 1164274   29481662   29479723  -31251667  -31251400
 1164325   29490791   29488783  -31255724  -31255479
 1164375   29499928   29497867  -31259797  -31259562
 1164425   29509050   29507029  -31263917  -31263645
 1164475   29518170   29516171  -31268045  -31267739
 1164524   29527308   29525324  -31272114  -31271819
 1164575   29536406   29534443  -31276183  -31275903
 1164625   29545542   29543511  -31280252  -31280002
 1164675   29554720   29552636  -31284347  -31284070
 1164726   29563862   29561789  -31288489  -31284070
 1164774   29572979   29570871  -31292592  -31292231
 1164826   29582123   29579945  -31296679  -31296327
 1164875   29591179   29588996  -31300909  -31296327
 1164925   29600020   29597906  -31305446  -31305095
 1164976   29608871   29606767  -31310022  -31309725
 1165024   29617695   29615625  -31314603  -31314381
 1165075   29626610   29624557  -31319212  -31318997
 1165125   29635441   29633412  -31323881  -31323628
 1165175   29643964   29641879  -31328908  -31328602
 1165225   29652185   29650017  -31334218  -31333884
 1165274   29660045   29657859  -31339879  -31333636
 1165324   29667560   29665396  -31345841  -31345494
 1165375   29674725   29672610  -31352097  -31351791
 1165425   29681591   29679528  -31358713  -31351791
 1165476   29688290   29686247  -31365831          0
 1165526   29694482   29692445  -31373119      18949
 1165576   29700481   29698435  -31380899  -31380528
 1165627   29706071   29704006  -31388930  -31388522
 1165679   29711324          0          0          0
 1165728   29716295   29714173          0          0
 1165777   29721219   29719096  -31414472  -31414221
 1165827   29726101   29724009  -31423170  -31422883
 1165877   29731012   29728972  -31431862  -31431551
 1165928   29735980   29733908  -31440559  -31440304
 1165978   29740914   29738848  -31449257  -31449049
 1166027   29745819   29743790  -31457941  -31457733
 1166077   29750704   29748739  -31466619  -31466389
 1166128   29755631   29753657  -31475340  -31475109
 1166178   29760560   29758611  -31483979  -31483867
 1166228   29765491   29763558  -31492717  -31492608
 1166277   29770423   29768465  -31501447  -31501309
 1166327   29775367   29773390  -31510144  -31510010
 1166378   29780305   29778336  -31518834  -31518708
 1166428   29785220   29783259  -31527520  -31527408
 1166478   29790142   29788188  -31536226  -31536108
 1166529   29795071   29793129  -31544908  -31544742
 1166577   29800000   29798020  -31553690  -31553429
 1166628   29804922   29802943  -31562389  -31553433
 1166677   29809860   29807903  -31571080  -31570837
 1166728   29814833   29812823  -31579824  -31579551
 1166777   29819815   29817695  -31588539  -31588229
 1166827   29824726   29822629  -31597239  -31596907
 1166878   29829671   29827552  -31605966  -31605563
 1166928   29834610   29832487  -31614688  -31614227
 1166978   29839550   29837405  -31623391  -31614245
 1167028   29844472   29842334  -31632091  -31631679
 1167077   29849398   29847264  -31640790  -31640348
 1167127   29854292   29852195  -31649489  -31649044
 1167178   29859221   29857135  -31658186  -31592193
 1167228   29864172   29862067  -31666857  -31666466
 1167279   29869117   29866991  -31675548  -31675202
 1167327   29874029   29871923  -31684253  -31683858
 1167378   29878960   29876848  -31692970  -31692525
 1167428   29883834   29881685  -31701715  -31701310
 1167478   29888495   29886377  -31710549  -31701310
 1167527   29893172   29891094  -31719372  -31718951
 1167577   29897865   29895792  -31728171  -31727831
 1167627   29902543   29900494  -31737007  -31736683
 1167677   29907242   29905179  -31745821  -31745508
 1167728   29911914   29909881  -31754665  -31754355
 1167779   29916606   29914567  -31763473  -31754255
 1167827   29921300   29919281  -31772283  -31772059
 1167877   29925969   29923969  -31781098  -31780887
 1167928   29930639   29928681  -31789917  -31789734
 1167978   29935328   29933357  -31798745  -31798556
 1168027   29940019   29938050  -31807588  -31807410
 1168077   29944712   29942745  -31816395  -31816261
 1168128   29949413   29947442  -31825242  -31825092
 1168178   29954104   29952136  -31834089  -31833919
 1168228   29958796   29956809  -31842946  -31842713
 1168277   29963481   29961487  -31851781  -31851529
 1168328   29968263   29966298  -31860704  -31860522
 1168379   29973002   29971059  -31869646  -31869525
 1168430   29977820   29975790  -31878702          0
 1168479   29982666   29980593  -31887562  -31887368
 1168531   29987470   29985414  -31896445  -31896185
 1168581   29992310   29990254  -31905420  -31905093
 1168632   29997189   29995106  -31914358          0
 1168683   30002040   29999947  -31923207          0
 1168733   30006887   30004796  -31932184          0
 1168785   30011637          0          0          0
 1168835   30016378   30014364  -31949716          0
 1168886   30021133   30019122  -31958518  -31958223
 1168935   30025918   30023885  -31967325  -31967041
 1168983   30030734   30028670  -31976095  -31975871
 1169034   30035500   30033450  -31984915  -31984657
 1169083   30040254   30038219  -31993682  -31984657
 1169133   30045015   30043016  -32002449  -31984657
 1169184   30049770   30047783  -32011232  -31984657
 1169233   30054547   30052536  -32020034  -31984657
 1169284   30059329   30057304  -32028830  -31984657
 1169334   30064131   30062064  -32037641  -32037353
 1169383   30068930   30066821  -32046443  -32037353
 1169435   30073710   30071589  -32055262  -32037353
 1169483   30078465   30076350  -32064071  -32037353
 1169534   30083261   30081116  -32072854  -32037353
 1169584   30088041   30085882  -32081635  -32037353
 1169634   30092794   30090656  -32090412  -32037353
 1169684   30097567   30095426  -32099192  -32037353
 1169733   30102334   30100204  -32107970  -32037353
 1169784   30107067   30105035  -32116744  -32037353
 1169833   30111813   30109802  -32125539  -32037353
 1169883   30116617   30114590  -32134292  -32037353
 1169933   30121392   30119356  -32143060  -32037353
 1169982   30126128   30124112  -32151859  -32037353
 1170032   30130887   30128901  -32160627  -32037353
 1170083   30135649   30133690  -32169418  -32037353
 1170135   30140421   30138466  -32178183  -32037353
 1170183   30145197   30143226  -32186992  -32037353
 1170233   30149967   30147993  -32195793  -32037353
 1170283   30154749   30152775  -32204593  -32037353
 1170333   30159592   30157525  -32213401  -32037353
 1170383   30164373   30162264  -32222231  -32037353
 1170434   30169129   30167055  -32231015  -32037353
 1170482   30173847   30171837  -32239771  -32230756
 1170533   30178620   30176593  -32248576  -32230756
 1170583   30183447   30181369  -32257383  -32248282
 1170633   30188223   30186145  -32266158  -32248282
 1170683   30192961   30190915  -32274956  -32248282
 1170732   30197712   30195701  -32283721  -32248282
 1170783   30202480   30200476  -32292470  -32283474
 1170833   30207243   30205248  -32301258  -32292269
 1170884   30212007   30210045  -32310062  -32301100
 1170933   30216780   30214795  -32318861  -32309870
 1170982   30221546   30219518  -32327634  -32318626
 1171032   30225994   30223907  -32336048  -32327381
 1171083   30230057   30228010  -32344125  -32335827
 1171134   30233809   30231813  -32351839  -32343903
 1171183   30237437   30235452  -32359242  -32351625
 1171232   30241070   30239083  -32366355  -32359044
 1171283   30244450   30242450  -32373143  -32366169
 1171333   30247767   30245743  -32379586  -32379397
 1171390   30250738   30248678  -32385734  -32385511
 1171434   30253387   30251321  -32391578  -32391339
 1171484   30255725   30253655  -32397185          0
 1171536   30257701   30255638  -32402327  -32402089
 1171587   30259354   30257303  -32407213  -32402089
 1171639   30260645   30258625  -32411742  -32406991
 1171689   30261607   30259580  -32415899  -32411517
 1171739          0   30259580  -32419793          0
 1171790   30262499   30260482  -32423135          0
 1171838   30262543   30260537  -32426293          0
 1171889   30262543   30260537  -32429128          0
 1171938   30262556   30260536  -32431648          0
 1171988   30262556   30260535  -32433814          0
 1172039   30262556   30260534  -32435650          0
 1172089   30262556   30260534  -32437162          0
 1172138   30262559   30260534  -32438354          0
 1172188   30262562   30260534  -32439226  -32438124
 1172238   30262562   30260534  -32439748  -32438972
 1172289   30262562   30260533  -32439961  -32438972
 1172338   30262562   30260533  -32439996  -32438972
 1172390   30262562   30260531  -32439996  -32439738
 1172438   30262562   30260530  -32439996  -32439738
 1172489   30262562   30260530  -32439996  -32439738
 1172538   30262562   30260529  -32439997  -32439738
 1172589   30262562   30260529  -32439997  -32439738
 1172639   30262562   30260529  -32439997  -32439738
 1172689   30262562   30260529  -32439997  -32439738
 1172738   30262562   30260529  -32439997  -32439738
 1172790   30262562   30260529  -32439997  -32439738
 1172838   30262562   30260529  -32439997  -32439738
 1172889   30262562   30260529  -32439997  -32439738
 1172938   30262562   30260529  -32439997  -32439738
 1172989   30262562   30260529  -32439997  -32439738
 1173039   30262562   30260528  -32439997  -32439738
 1173089   30262562   30260528  -32439997  -32439738
 1173139   30262562   30260528  -32439997  -32439738
 1173190   30262562   30260528  -32439997  -32439738
 1173239   30262562   30260528  -32439997  -32439738
 1173289   30262562   30260528  -32439997  -32439738
 1173339   30262562   30260528  -32439997  -32439738
 1173389   30262562   30260528  -32439997  -32439738
 1173439   30262562   30260528  -32439997  -32439738
 1173489   30262562   30260528  -32439997  -32439738
 1173538   30262562   30260528  -32439997  -32439738
 1173589   30262562   30260528  -32439997  -32439738
 1173639   30262562   30260528  -32439997  -32439738
 1173689   30262562   30260528  -32439997  -32439738
 1173738   30262562   30260528  -32439997  -32439738
 1173789   30262562   30260528  -32439998  -32439738
 1173839   30262562   30260527  -32439998  -32439738
 1173889   30262562   30260527  -32439998  -32439738
 1173938   30262562   30260527  -32439998  -32439738
 1173989   30262562   30260527  -32439998  -32439738
 1174038   30262562   30260527  -32439998  -32439738
 1174088   30262562   30260527  -32439998  -32439738
 1174139   30262562   30260527  -32439998  -32439738
 1174189   30262562   30260527  -32439998  -32439738
 1174239   30262562   30260527  -32439998  -32439738
 1174290   30262562   30260527  -32439998  -32439738
 1174342   30262562   30260527  -32439998  -32439738
 1174393   30262562   30260527  -32439998  -32439738
 1174442   30262562   30260527  -32439998  -32439738
 1174494   30262562   30260527  -32439998  -32439738
 1174548   30262562   30260527  -32439998  -32439738
 1174596   30262562   30260527  -32439998  -32439738
 1174646   30262562   30260527  -32439998  -32439738
 1174698   30262562   30260527  -32439998  -32439738
 1174749   30262562   30260527  -32439998  -32439738
 1174800   30262562   30260527  -32439998  -32439738
 1174851   30262562   30260527  -32439998  -32439738
 1174901   30262562   30260527  -32439998  -32439738
 1174953   30262562   30260527  -32439998  -32439738
 1175002   30262562          0          0          0
 1175053   30262562   30260526  -32439998          0
 1175103   30262562   30260526  -32439998  -32439738
 1175151   30262562   30260526  -32439998  -32439739
 1175201   30262562   30260526  -32439998  -32439739
 1175252   30262562   30260526  -32439998  -32439739
 1175301   30262562   30260526  -32439998  -32439739
 1175351   30262562   30260526  -32439998  -32439739
 1175401   30262562   30260526  -32439998  -32439739
 1175452   30262562   30260526  -32439998  -32439739
 1175501   30262562   30260526  -32439998  -32439739
 1175551   30262562   30260526  -32439998  -32439739
 1175602   30262562   30260526  -32439998  -32439739
 1175652   30262562   30260526  -32439998  -32439739
 1175701   30262562   30260526  -32439998  -32439739
 1175752   30262562   30260526  -32439998  -32439739
 1175802   30262562   30260526  -32439998  -32439739
 1175852   30262562   30260526  -32439999  -32439739
 1175901   30262562   30260526  -32439999  -32439739
 1175951   30262562   30260526  -32439999  -32439739
 1176002   30262562   30260526  -32439999  -32439739
 1176057   30262562   30260526  -32439999  -32439739
 1176101   30262562   30260526  -32439999  -32439739
 1176154   30262562   30260526  -32439999  -32439739
 1176201   30262562   30260526  -32439999  -32439739
 1176252   30262562   30260526  -32439999  -32439739
 1176301   30262562   30260526  -32439999  -32439739
 1176352   30262562   30260526  -32439999  -32439739
 1176404   30262562   30260526  -32439999  -32439739
 1176451   30262562   30260526  -32439999  -32439739
 1176502   30262562   30260526  -32439999  -32439739
 1176552   30262562   30260526  -32439999  -32439739
 1176602   30262562   30260526  -32439999  -32439739
 1176651   30262562   30260526  -32439999  -32439739
 1176701   30262562   30260526  -32439999  -32439739
 1176751   30262562   30260526  -32439999  -32439739
 1176807   30262562   30260526  -32439999  -32439739
 1176852   30262562   30260526  -32439999  -32439739
 1176901   30262562   30260526  -32439999  -32439739
 1176951   30262562   30260526  -32439999  -32439739
 1177002   30262562   30260526  -32439999  -32439739
 1177052   30262562   30260526  -32439999  -32439739
 1177102   30262562   30260526  -32439999  -32439739
 1177151   30262562   30260526  -32439999  -32439739
 1177206   30262562   30260526  -32439999  -32439739
 1177251   30262562   30260526  -32439999  -32439739
 1177302   30262562   30260526  -32439999  -32439739
 1177351   30262562   30260526  -32439999  -32439739
 1177401   30262562   30260526  -32439999  -32439739
 1177451   30262562   30260525  -32439999  -32439739
 1177501   30262562   30260525  -32439999  -32439739
 1177552   30262562   30260525  -32439999  -32439739
 1177601   30262562   30260525  -32439999  -32439739
 1177653   30262562   30260525  -32439999  -32439739
 1177701   30262562   30260525  -32439999  -32439739
 1177751   30262562   30260525  -32439999  -32439739
 1177801   30262562   30260525  -32439999  -32439739
 1177853   30262562   30260525  -32439999  -32439739
 1177903   30262562   30260525  -32439999  -32439739
 1177954   30262562   30260525  -32439999  -32439739
 1178004   30262562   30260525  -32439999  -32439739
 1178059   30262562          0          0          0
 1178105   30262562   30260525  -32439999          0
 1178156   30262562   30260525  -32439999  -32439739
 1178204   30262562   30260525  -32439999  -32439739
 1178257   30262562   30260525  -32439999  -32439739
 1178306   30262562   30260525  -32439999  -32439739
 1178355   30262562   30260525  -32439999  -32439739
 1178404   30262562   30260525  -32439999  -32439739
 1178454   30262562   30260525  -32439999  -32439739
 1178505   30262562   30260525  -32439999  -32439739
 1178554   30262562   30260525  -32439999  -32439739
 1178603   30262562   30260525  -32439999  -32439739
 1178654   30262562   30260525  -32439999  -32439739
 1178704   30262562   30260525  -32439999  -32439739
 1178755   30262562   30260525  -32439999  -32439739
 1178806   30262562   30260525  -32439999  -32439739
 1178854   30262562   30260525  -32439999  -32439739
 1178904   30262562   30260525  -32439999  -32439739
 1178954   30262562   30260525  -32439999  -32439739
 1179010   30262562   30260525  -32439999  -32439739
 1179055   30262562   30260525  -32439999  -32439739
 1179104   30262562   30260525  -32439999  -32439739
 1179155   30262562   30260525  -32439999  -32439739
 1179205   30262562   30260525  -32439999  -32439739
 1179255   30262562   30260525  -32439999  -32439739
 1179305   30262562   30260525  -32439999  -32439739
 1179354   30262562   30260525  -32439999  -32439739
 1179404   30262562   30260525  -32439999  -32439739
 1179455   30262562   30260525  -32439999  -32439739
 1179505   30262562   30260525  -32439999  -32439739
 1179554   30262561   30260525  -32439999  -32439739
 1179604   30262561   30260525  -32439999  -32439739
 1179655   30262561   30260525  -32439999  -32439739
 1179704   30262561   30260525  -32440000  -32439739
 1179754   30262561   30260525  -32440000  -32439739
 1179804   30262561   30260525  -32440000  -32439739
 1179862   30262561   30260525  -32440000  -32439739
 1179908   30262561   30260525  -32440000  -32439739
 1179954   30262561   30260525  -32440000  -32439739
 1180004   30262561   30260525  -32440000  -32439739
 1180055   30262561   30260525  -32440000  -32439739
 1180106   30262561   30260525          0          0