   1037664 203841.3227 455456.0836     5     7
   1037870 203841.3210 455456.0831     5     7
   1038068 203841.3204 455456.0840     5     7
   1038270 203841.3218 455456.0838     5     7
   1175066 203841.8984 455444.9437     5     6
   1175272 203841.9009 455444.9386     5     6
   1175469 203841.9003 455444.9382     5     6
   1175661 203841.8990 455444.9401     5     6
   1175858 203841.8984 455444.9432     5     6
   1176070 203841.8990 455444.9415     5     6
   1176268 203841.8989 455444.9420     5     6
   1176463 203841.8990 455444.9416     5     6
   1176662 203841.8968 455444.9381     5     6
   1176858 203841.8973 455444.9448     5     6
   1177062 203841.8958 455444.9434     5     6
   1177261 203841.9152 455444.9358     5     6
   1177467 203841.9094 455444.9383     5     6
   1177658 203841.9096 455444.9408     5     6
   1177867 203841.9122 455444.9442     5     6
   1178059 203841.9173 455444.9424     5     6
   1178268 203841.9159 455444.9426     5     6
   1178468 203841.9158 455444.9407     5     6
   1178667 203841.9162 455444.9391     5     6
   1178862 203841.9144 455444.9402     5     6
   1179066 203841.9151 455444.9400     5     6
   1179262 203841.9160 455444.9393     5     6
   1179467 203841.9165 455444.9384     5     6
   1179662 203841.9175 455444.9387     5     6
   1179858 203841.9166 455444.9398     5     6
   1180061 203841.9164 455444.9383     5     6
