   1235476 203841.8310 455444.7152     5     6
   1235676 203841.8295 455444.7153     5     6
   1235864 203841.8311 455444.7151     5     6
   1236077 203841.8309 455444.7154     5     6
   1236264 203841.8313 455444.7153     5     6
   1236473 203841.8310 455444.7149     5     6
   1236662 203841.8321 455444.7156     5     6
   1236872 203841.8313 455444.7138     5     6
   1237066 203841.8326 455444.7142     5     6
   1237276 203841.8286 455444.7141     5     6
   1237481 203841.8277 455444.7158     5     6
   1237678 203841.8281 455444.7137     5     6
   1237905 203841.8271 455444.7146     5     6
   1238099 203841.8263 455444.7147     5     6
   1238263 203841.8274 455444.7146     5     6
   1238463 203841.8269 455444.7133     5     6
   1238663 203841.8270 455444.7151     5     6
   1238863 203841.8261 455444.7141     5     6
   1239062 203841.8263 455444.7140     5     6
   1239262 203841.8270 455444.7140     5     6
   1239464 203841.8264 455444.7138     5     6
   1239661 203841.8257 455444.7153     5     6
   1239867 203841.8267 455444.7151     5     6
   1240063 203841.8253 455444.7141     5     6
   1240266 203841.8254 455444.7156     5     6
   1240466 203841.8258 455444.7135     5     6
   1240666 203841.8249 455444.7149     5     6
   1240861 203841.8241 455444.7158     5     6
   1241076 203841.8246 455444.7152     5     6
   1241267 203841.8247 455444.7160     5     6
   1241469 203841.8258 455444.7138     5     6
   1241740 203841.8253 455444.7138     5     6
   1241871 203841.8250 455444.7140     5     6
   1242069 203841.8247 455444.7139     5     6
   1242328 203841.8246 455444.7137     5     6
   1242498 203841.8239 455444.7133     5     6
   1242661 203841.8243 455444.7139     5     6
   1242862 203841.8235 455444.7132     5     6
   1243066 203841.8240 455444.7132     5     6
   1243263 203841.8231 455444.7139     5     6
   1243465 203841.8229 455444.7143     5     6
   1243663 203841.8218 455444.7133     5     6
   1243869 203841.8209 455444.7133     5     6
   1244066 203841.8207 455444.7135     5     6
   1244270 203841.8214 455444.7135     5     6
   1244462 203841.8204 455444.7135     5     6
   1244663 203841.8203 455444.7137     5     6
   1244860 203841.8197 455444.7157     5     6
   1245063 203841.8196 455444.7143     5     6
   1245287 203841.8193 455444.7119     5     6
   1245466 203841.8179 455444.7135     5     6
   1245663 203841.8176 455444.7135     5     6
   1245867 203841.8164 455444.7150     5     6
   1246062 203841.8167 455444.7153     5     6
   1246261 203841.8165 455444.7153     5     6
   1246465 203841.8290 455444.7094     5     6
   1246671 203841.8285 455444.7106     5     6
   1246866 203841.8290 455444.7087     5     6
   1247062 203841.8296 455444.7058     5     6
   1247261 203841.8308 455444.7059     5     6
   1247464 203841.8319 455444.7044     5     6
   1247661 203841.8289 455444.7038     5     6
   1247867 203841.8288 455444.7058     5     6
   1248062 203841.8279 455444.7062     5     6
   1248264 203841.8270 455444.7042     5     6
   1248462 203841.8263 455444.7058     5     6
   1248668 203841.8245 455444.7076     5     6
   1248859 203841.8367 455444.7072     5     6
   1249065 203841.8892 455444.7046     5     6
   1249266 203841.9478 455444.7009     5     6
   1249470 203842.0052 455444.6976     5     6
   1249669 203842.0690 455444.6947     5     6
   1249862 203842.1282 455444.6794     5     6
   1250062 203842.1907 455444.6667     5     6
   1250263 203842.3080 455444.6367     5     6
   1250464 203842.3910 455444.6068     5     6
   1250665 203842.4544 455444.5810     5     6
   1250864 203842.5325 455444.5788     5     6
   1251059 203842.6153 455444.5403     5     6
   1251264 203842.3342 455444.1138     5     6
   1251468 203842.3482 455444.0419     5     6
   1251663 203842.4194 455443.9898     5     6
   1251865 203842.5320 455443.9592     5     6
   1252062 203842.6451 455443.9225     5     6
   1252265 203842.7603 455443.8878     5     6
   1252462 203842.8694 455443.8674     5     6
   1252664 203842.9699 455443.8436     5     6
   1252859 203843.0738 455443.8146     5     6
   1253062 203843.1912 455443.7780     5     6
   1253265 203843.3071 455443.7419     5     6
   1253474 203843.4294 455443.7044     5     6
   1253665 203843.5555 455443.6689     5     6
   1253868 203844.2286 455443.8764     5     6
   1254065 203844.3957 455443.8480     5     6
   1254267 203844.5139 455443.7815     5     6
   1254463 203844.6134 455443.7346     5     6
   1254664 203844.7260 455443.6763     5     6
   1254862 203844.8285 455443.6309     5     6
   1255059 203844.9419 455443.4893     5     6
   1255266 203845.0592 455443.4184     5     6
   1255466 203845.1994 455443.3179     5     6
   1255663 203845.3171 455443.2277     5     6
   1255867 203845.3939 455443.1858     5     5
   1256060 203845.5008 455443.1018     5     6
   1256268 203845.5946 455443.0353     5     6
   1256464 203845.6897 455442.9584     5     6
   1256665 203845.7860 455442.8775     5     6
   1256861 203845.8970 455442.7727     5     6
   1257065 203846.0120 455442.6599     5     6
   1257264 203846.1212 455442.5298     5     6
   1257465 203846.2104 455442.4163     5     6
   1257662 203846.3147 455442.3035     5     6
   1257866 203846.4042 455442.1904     5     6
   1258064 203846.5044 455442.0776     5     6
   1258264 203846.5960 455441.9449     5     6
   1258468 203846.7109 455441.8928     5     6
   1258666 203846.8214 455441.8133     5     6
   1258864 203846.9573 455441.7367     5     6
   1259063 203847.0718 455441.6642     5     6
   1259263 203847.2230 455441.6081     5     6
   1259465 203847.3697 455441.5426     5     6
   1259663 203847.4953 455441.5431     5     6
   1259866 203847.6410 455441.4804     5     6
   1260062 203847.7726 455441.4270     5     6
   1260265 203847.8419 455441.4018     5     6
   1260465 203847.9552 455441.3725     5     6
   1260665 203848.0969 455441.2973     5     6
   1260861 203848.1950 455441.2186     5     6
   1261064 203848.2944 455441.1307     5     6
   1261266 203848.4736 455441.0688     5     6
   1261465 203848.5428 455441.0180     5     6
   1261664 203848.6120 455440.9643     5     6
   1261861 203848.7304 455440.9558     5     6
   1262062 203848.8246 455440.9243     5     6
   1262259 203848.9423 455440.8906     5     6
   1262467 203849.1133 455440.8230     5     6
   1262664 203849.2475 455440.7805     5     6
   1262864 203849.4104 455440.7282     5     6
   1263065 203849.5583 455440.6814     5     6
   1263263 203849.6690 455440.6231     5     6
   1263464 203849.7993 455440.5745     5     6
   1263666 203849.9258 455440.4832     5     6
   1263865 203850.0528 455440.4305     5     6
   1264060 203850.1951 455440.3450     5     6
   1264265 203850.3098 455440.2369     5     6
   1264461 203850.4265 455440.1384     5     6
   1264662 203850.5175 455440.0511     5     6
   1264859 203850.5413 455439.9072     5     6
   1265065 203850.6766 455439.8140     5     6
   1265263 203850.7749 455439.7162     5     6
   1265465 203850.9274 455439.5898     5     6
   1265666 203851.1068 455439.4916     5     6
   1265866 203851.2478 455439.4073     5     6
   1266062 203851.3378 455439.3808     5     6
   1266264 203851.4516 455439.3030     5     6
   1266465 203851.6030 455439.2326     5     6
   1266663 203851.7072 455439.0892     5     6
   1266867 203851.8425 455438.9811     5     6
   1267064 203851.9693 455438.9210     5     6
   1267263 203852.0799 455438.7731     5     6
   1267467 203852.1900 455438.6432     5     6
   1267661 203852.2477 455438.5125     5     6
   1267867 203852.3604 455438.4105     5     6
   1268062 203852.4403 455438.2892     5     6
   1268264 203852.5093 455438.1663     5     6
   1268462 203852.5407 455438.0466     5     6
   1268665 203852.6127 455437.9125     5     6
   1268863 203852.6628 455437.7843     5     6
   1269064 203852.6896 455437.6155     5     6
   1269264 203852.7320 455437.4822     5     6
   1269468 203852.7580 455437.3325     5     6
   1269665 203852.7723 455437.1515     5     6
   1269866 203852.7806 455437.0002     5     6
   1270065 203852.7776 455436.8683     5     6
   1270265 203852.7635 455436.7042     5     6
   1270465 203852.7512 455436.5774     5     6
   1270660 203852.7516 455436.4104     5     6
   1270864 203852.7188 455436.2676     5     6
   1271067 203852.6846 455436.1283     5     6
   1271263 203852.6442 455436.0095     5     6
   1271466 203852.6018 455435.8390     5     6
   1271661 203852.5673 455435.7182     5     6
   1271866 203852.5673 455435.5287     5     6
   1272062 203852.5307 455435.4011     5     6
   1272264 203852.5291 455435.2391     5     6
   1272460 203852.5425 455435.1299     5     6
   1272666 203852.5467 455434.9863     5     6
   1272865 203852.5542 455434.8843     5     6
   1273063 203852.6066 455434.7066     5     6
   1273264 203852.6125 455434.5588     5     6
   1273465 203852.6160 455434.3489     5     6
   1273673 203852.6749 455434.1586     5     6
   1273866 203852.6904 455434.0058     5     6
   1274067 203852.7036 455433.8574     5     6
   1274263 203852.7248 455433.7346     5     6
   1274465 203852.7433 455433.5506     5     6
   1274662 203852.7155 455433.3546     5     6
   1274864 203852.7307 455433.2414     5     6
   1275068 203852.7055 455433.0908     5     6
   1275262 203852.6776 455432.9318     5     6
   1275467 203852.6130 455432.8157     5     6
   1275661 203852.5865 455432.6556     5     6
   1275866 203852.5373 455432.5387     5     6
   1276066 203852.4523 455432.3792     5     6
   1276263 203852.3763 455432.2397     5     6
   1276464 203852.2872 455432.1119     5     6
   1276664 203852.1998 455431.9893     5     6
   1276864 203852.0871 455431.8782     5     6
   1277064 203851.9664 455431.7749     5     6
   1277264 203851.8252 455431.6607     5     6
   1277463 203851.6897 455431.5607     5     6
   1277664 203851.5421 455431.4935     5     6
   1277867 203851.4130 455431.4135     5     6
   1278065 203851.2967 455431.3296     5     6
   1278266 203851.1906 455431.2336     5     6
   1278471 203851.0952 455431.1551     5     6
   1278663 203850.9863 455431.0359     5     6
   1278864 203850.8875 455430.8976     5     6
   1279067 203850.7689 455430.7570     5     6
   1279264 203850.6431 455430.6118     5     6
   1279465 203850.5024 455430.4927     5     6
   1279670 203850.3710 455430.4069     5     6
   1279869 203850.2462 455430.2794     5     6
   1280060 203850.1147 455430.2002     5     6
   1280267 203849.9624 455430.0758     5     6
   1280460 203849.8529 455429.9301     5     6
   1280668 203849.7341 455429.7874     5     6
   1280864 203849.6449 455429.6394     5     6
   1281064 203849.5412 455429.4681     5     6
   1281264 203849.4524 455429.3092     5     6
   1281462 203849.3818 455429.1480     5     6
   1281662 203849.3244 455429.0049     5     6
   1281864 203849.2993 455428.8519     5     6
   1282067 203849.2807 455428.6944     5     6
   1282262 203849.2724 455428.5108     5     6
   1282472 203849.2857 455428.3391     5     6
   1282663 203849.3273 455428.1494     5     6
   1282863 203849.3861 455427.9669     5     6
   1283069 203849.4533 455427.8161     5     6
   1283262 203849.4958 455427.6719     5     6
   1283466 203849.6157 455427.4935     5     6
   1283663 203849.7350 455427.3387     5     6
   1283865 203849.8550 455427.2267     5     6
   1284062 203849.9521 455427.1316     5     6
   1284263 203850.0908 455427.0180     5     6
   1284462 203850.2350 455426.9227     5     6
   1284664 203850.4045 455426.8416     5     6
   1284861 203850.5846 455426.7706     5     6
   1285074 203850.7334 455426.7262     5     6
   1285265 203850.9119 455426.6676     5     6
   1285464 203851.0887 455426.6083     5     6
   1285663 203851.2538 455426.5550     5     6
   1285867 203851.3463 455426.4357     5     6
   1286062 203851.5020 455426.3732     5     6
   1286262 203851.6853 455426.3358     5     6
   1286470 203851.8099 455426.2661     5     6
   1286662 203852.0103 455426.2422     5     6
   1286863 203852.2146 455426.2315     5     6
   1287066 203852.4037 455426.1991     5     6
   1287261 203852.5805 455426.1638     5     6
   1287470 203852.7717 455426.1812     5     6
   1287661 203852.9464 455426.2207     5     6
   1287863 203853.1217 455426.2477     5     6
   1288063 203853.2784 455426.2857     5     6
   1288263 203853.3951 455426.3522     5     6
   1288462 203853.5204 455426.3978     5     6
   1288664 203853.7165 455426.4933     5     6
   1288861 203853.8247 455426.5700     5     6
   1289071 203853.9790 455426.6758     5     6
   1289263 203854.1351 455426.7715     5     6
   1289471 203854.2836 455426.9446     5     6
   1289663 203854.4628 455427.0187     5     6
   1289862 203854.5846 455427.2348     5     6
   1290062 203854.6648 455427.3890     5     6
   1290264 203854.8062 455427.4930     5     6
   1290464 203854.8561 455427.6663     5     6
   1290661 203854.9034 455427.8181     5     6
   1290862 203854.9833 455427.9862     5     6
   1291065 203855.0436 455428.1709     5     6
   1291263 203855.0570 455428.3541     5     6
   1291466 203855.1113 455428.4926     5     6
   1291662 203855.0918 455428.6977     5     6
   1291864 203855.0141 455428.8782     5     6
   1292063 203854.9739 455429.0338     5     6
   1292273 203854.9594 455429.1719     5     6
   1292471 203854.8427 455429.3598     5     6
   1292664 203854.6926 455429.5194     5     6
   1292861 203854.5858 455429.6588     5     6
   1293064 203854.4781 455429.7806     5     6
   1293267 203854.3224 455429.8661     5     6
   1293465 203854.1707 455429.9525     5     6
   1293664 203853.9909 455430.0283     5     6
   1293864 203853.8500 455430.1458     5     6
   1294063 203853.7149 455430.2221     5     6
   1294262 203853.5944 455430.3048     5     6
   1294464 203853.4783 455430.4381     5     6
   1294662 203853.3594 455430.5533     5     6
   1294870 203853.2319 455430.6916     5     6
   1295071 203853.1080 455430.8289     5     6
   1295262 203853.0292 455430.9670     5     6
   1295465 203852.9392 455431.1140     5     6
   1295663 203852.8343 455431.2660     5     6
   1295865 203852.7903 455431.4305     5     6
   1296062 203852.7402 455431.5723     5     6
   1296264 203852.6858 455431.7368     5     6
   1296466 203852.6752 455431.9131     5     6
   1296662 203852.6418 455432.0879     5     6
   1296860 203852.5857 455432.2918     5     6
   1297070 203852.6009 455432.4646     5     6
   1297264 203852.5916 455432.6555     5     6
   1297472 203852.5821 455432.8434     5     6
   1297664 203852.5355 455433.0197     5     6
   1297865 203852.5493 455433.1678     5     6
   1298063 203852.5324 455433.3090     5     6
   1298260 203852.4769 455433.4961     5     6
   1298464 203852.4558 455433.6933     5     6
   1298663 203852.4456 455433.8448     5     6
   1298862 203852.3579 455434.0298     5     6
   1299067 203852.3271 455434.2034     5     6
   1299270 203852.2767 455434.4292     5     6
   1299465 203852.2114 455434.6276     5     6
   1299661 203852.1648 455434.8273     5     6
   1299868 203852.1560 455434.9932     5     6
   1300061 203852.0915 455435.1620     5     6
   1300263 203852.0653 455435.3369     5     6
   1300464 203852.0366 455435.5051     5     6
   1300662 203851.9849 455435.6950     5     6
   1300862 203851.9585 455435.8691     5     6
   1301063 203851.9337 455436.0652     5     6
   1301264 203851.8900 455436.2114     5     6
   1301466 203851.8700 455436.3947     5     6
   1301665 203851.8647 455436.6152     5     6
   1301864 203851.8205 455436.7301     5     6
   1302065 203851.7995 455436.9224     5     6
   1302261 203851.8079 455437.1236     5     6
   1302467 203851.7690 455437.3042     5     6
   1302662 203851.7713 455437.5257     5     6
   1302863 203851.7663 455437.6966     5     6
   1303065 203851.7680 455437.8791     5     6
   1303262 203851.7894 455438.0592     5     6
   1303471 203851.7771 455438.2127     5     6
   1303669 203851.7828 455438.3863     5     6
   1303870 203851.8174 455438.5353     5     6
   1304061 203851.8157 455438.6893     5     6
   1304265 203851.7906 455438.8863     5     6
   1304461 203851.8111 455439.0895     5     6
   1304667 203851.8200 455439.3061     5     6
   1304861 203851.8246 455439.4738     5     6
   1305063 203851.8682 455439.6523     5     6
   1305263 203851.8674 455439.7957     5     6
   1305463 203851.9062 455439.9480     5     6
   1305666 203851.9692 455440.1107     5     6
   1305866 203851.9983 455440.3034     5     6
   1306066 203852.0651 455440.4830     5     6
   1306270 203852.0971 455440.6533     5     6
   1306464 203852.1795 455440.8018     5     6
   1306665 203852.1924 455440.9918     5     6
   1306865 203852.2553 455441.1534     5     6
   1307067 203852.3263 455441.3646     5     6
   1307269 203852.4114 455441.5387     5     6
   1307465 203852.4881 455441.6961     5     6
   1307662 203852.5519 455441.8418     5     6
   1307870 203852.5914 455442.0096     5     6
   1308064 203852.6976 455442.1638     5     6
   1308270 203852.7798 455442.3744     5     6
   1308465 203852.8823 455442.4823     5     6
   1308670 203852.9526 455442.6667     5     6
   1308861 203852.9682 455442.8643     5     6
   1309066 203853.0581 455442.9920     5     6
   1309270 203853.1656 455443.1430     5     6
   1309467 203853.1331 455443.4270     5     6
   1309668 203853.1759 455443.5740     5     6
   1309866 203853.2609 455443.7647     5     6
   1310069 203853.2779 455443.9152     5     6
   1310268 203853.3114 455444.0580     5     6
   1310469 203853.3279 455444.2559     5     6
   1310660 203853.3201 455444.4373     5     6
   1310863 203853.3434 455444.6500     5     6
   1311067 203853.3535 455444.8381     5     6
   1311262 203853.3337 455445.0202     5     6
   1311466 203853.3242 455445.1908     5     6
   1311662 203853.2990 455445.3676     5     6
   1311870 203853.2524 455445.5192     5     6
   1312063 203853.1906 455445.7090     5     6
   1312269 203853.1466 455445.8835     5     6
   1312461 203853.0685 455446.0917     5     6
   1312665 203853.0099 455446.2456     5     6
   1312861 203852.9219 455446.4102     5     6
   1313067 203852.8567 455446.5832     5     6
   1313263 203852.7396 455446.7455     5     6
   1313465 203852.6585 455446.9221     5     6
   1313663 203852.6168 455447.0352     5     6
   1313861 203852.4905 455447.1977     5     6
   1314063 203852.4008 455447.3492     5     6
   1314264 203852.2862 455447.5063     5     6
   1314463 203852.1895 455447.6596     5     6
   1314662 203852.0805 455447.8064     5     6
   1314862 203851.9503 455447.8998     5     6
   1315068 203851.8487 455448.0141     5     6
   1315261 203851.7352 455448.1485     5     6
   1315470 203851.5750 455448.2294     5     6
   1315663 203851.4400 455448.3187     5     6
   1315865 203851.2692 455448.4488     5     6
   1316061 203851.1158 455448.5505     5     6
   1316265 203850.7427 455448.6301     5     6
   1316468 203850.3328 455448.7888     5     6
   1316662 203850.0251 455448.9740     5     6
   1316864 203849.6956 455449.0317     5     6
   1317062 203849.4651 455449.1232     5     6
   1317270 203849.3130 455449.1942     5     6
   1317469 203849.1278 455449.2558     5     6
   1317663 203849.0317 455449.3035     5     6
   1317870 203849.5429 455449.1963     5     6
   1318064 203849.3905 455449.3103     5     6
   1318268 203849.2272 455449.4002     5     6
   1318466 203849.0245 455449.5250     5     6
   1318666 203848.9002 455449.6438     5     6
   1318864 203848.7615 455449.7224     5     6
   1319068 203848.5395 455449.7006     5     6
   1319262 203848.3973 455449.7397     5     6
   1319467 203848.2553 455449.8399     5     6
   1319662 203848.0812 455449.9251     5     6
   1319865 203847.9285 455450.0300     5     6
   1320062 203847.7600 455450.0665     5     6
   1320265 203847.5714 455450.1750     5     6
   1320462 203847.3156 455450.3883     5     6
   1320665 203846.9224 455450.6389     5     6
   1320863 203846.5492 455450.9242     5     6
   1321063 203846.2157 455451.1636     5     4
   1321264 203845.9476 455451.3256     5     6
   1321464 203848.5587 455452.1545     1     7
   1321663 203848.4400 455452.2241     1     7
   1321862 203848.3156 455452.2504     1     7
   1322063 203848.2392 455452.4178     1     7
   1322265 203848.1337 455452.4961     1     7
   1322468 203848.0659 455452.6546     1     7
   1322661 203847.9983 455452.6439     1     7
   1322862 203847.9049 455452.8118     1     7
   1323066 203847.8499 455453.0752     1     7
   1323262 203847.7890 455453.2898     1     7
   1323465 203847.7072 455453.2987     1     7
   1323668 203847.6111 455453.4752     1     7
   1323868 203847.4800 455453.6115     1     7
   1324062 203847.4192 455453.8353     1     7
   1324266 203847.3579 455453.9359     1     7
   1324462 203847.0389 455454.1126     1     8
   1324670 203847.0412 455454.1044     1     8
   1324869 203846.9797 455454.3017     1     8
   1325066 203846.8867 455454.4725     1     8
   1325269 203846.8679 455454.7036     1     8
   1325470 203846.7597 455454.8250     1     8
   1325669 203846.6714 455455.0243     1     8
   1325864 203846.6402 455455.1868     1     8
   1326072 203846.5731 455455.3320     1     8
   1326265 203846.4149 455455.4468     1     8
   1326465 203846.3068 455455.5508     1     8
   1326663 203846.1878 455455.5189     1     8
   1326863 203846.6157 455455.9216     1     8
   1327067 203846.3639 455455.9787     1     8
   1327261 203846.2367 455456.1258     1     8
   1327473 203846.0883 455456.2473     1     8
   1327662 203845.9283 455456.3375     1     8
   1327864 203844.6171 455456.6181     1     8
   1328063 203844.4481 455456.6422     1     8
   1328267 203843.6761 455455.9379     1     7
   1328468 203843.4314 455455.9494     1     7
   1328666 203843.2272 455456.0270     1     7
   1328868 203843.0203 455455.8947     1     7
   1329066 203842.7463 455456.2249     1     7
   1329270 203842.5344 455456.1937     1     7
   1329466 203842.3757 455456.1597     1     7
   1329666 203842.1951 455456.1056     1     7
   1329862 203842.0334 455456.0780     1     7
   1330063 203842.1095 455456.2435     1     8
   1330264 203841.8390 455456.0086     1     8
   1330469 203841.6734 455455.8327     1     8
   1330668 203841.4876 455455.6346     1     8
   1330863 203841.3675 455455.5103     1     8
   1331067 203841.2611 455455.4500     1     8
   1331263 203841.2025 455455.2909     1     8
   1331471 203841.0405 455455.1654     1     8
   1331662 203840.9369 455455.0347     1     8
   1331869 203841.1266 455455.2106     1     8
   1332069 203841.1021 455455.1176     1     8
   1332263 203841.0241 455454.9080     1     8
   1332465 203841.0022 455454.8148     1     8
   1332666 203840.4570 455454.0598     1     8
   1332869 203840.3787 455453.3509     1     8
   1333065 203840.4835 455453.5111     1     8
   1333265 203840.5064 455453.5853     1     8
   1333470 203840.2057 455453.2519     1     8
   1333665 203840.2905 455453.3238     1     8
   1333868 203840.3541 455453.3742     1     8
   1334068 203840.4286 455453.4113     1     8
   1334262 203840.5019 455453.4406     1     8
   1334469 203840.5280 455453.4071     1     8
   1334662 203840.4780 455453.3220     1     8
   1334867 203840.4547 455453.2445     1     8
   1335073 203840.3614 455453.1137     1     8
   1335268 203840.3343 455453.0836     1     8
   1335465 203840.2820 455453.0452     1     8
   1335667 203840.3632 455453.1782     1     8
   1335867 203840.2783 455453.0908     1     8
   1336060 203840.2878 455453.0759     1     8
   1336264 203839.9686 455453.8498     1     8
   1336464 203839.7865 455454.1477     1     8
   1336670 203840.2213 455452.5712     1     8
   1336869 203840.2359 455452.4658     1     8
   1337068 203840.2803 455452.2373     1     8
   1337268 203840.3113 455452.1222     1     8
   1337464 203840.2666 455452.0779     1     8
   1337667 203840.2800 455452.0439     1     8
   1337863 203840.3120 455452.0761     1     8
   1338068 203840.3790 455452.0265     1     8
   1338265 203840.4684 455452.0787     1     8
   1338468 203840.6046 455452.1804     1     8
   1338666 203840.6899 455452.1022     1     8
   1338863 203840.7231 455452.0639     1     8
   1339068 203840.7472 455451.9848     1     8
   1404692 203838.0527 455451.7816     5     7
   1404882 203838.0521 455451.7812     5     7
   1405082 203838.0509 455451.7809     5     7
   1405282 203838.0505 455451.7800     5     7
   1405480 203838.0531 455451.7791     5     7
   1405682 203838.0529 455451.7759     5     7
   1405883 203838.0526 455451.7789     5     7
   1406083 203838.0522 455451.7795     5     7
   1406282 203838.0534 455451.7793     5     7
   1406480 203838.0548 455451.7776     5     7
   1406683 203838.0522 455451.7810     5     7
   1406878 203838.0506 455451.7812     5     7
   1407079 203838.0505 455451.7802     5     7
   1407278 203838.0509 455451.7802     5     7
   1407483 203838.0520 455451.7789     5     7
   1407680 203838.0525 455451.7784     5     7
   1407879 203838.0517 455451.7789     5     7
   1408077 203838.0522 455451.7774     5     7
   1408281 203838.0515 455451.7780     5     7
   1408489 203838.0504 455451.7790     5     7
   1408687 203838.0511 455451.7793     5     7
   1408891 203838.0510 455451.7791     5     7
   1409081 203838.0505 455451.7789     5     7
   1409301 203838.0533 455451.7799     5     7
   1409486 203838.0535 455451.7782     5     7
   1409680 203838.0517 455451.7794     5     7
   1409888 203838.0539 455451.7791     5     7
   1410085 203838.0535 455451.7789     5     7
   1410276 203838.0378 455451.7516     5     7
   1410484 203838.0025 455451.6961     5     7
   1410687 203837.9742 455451.6491     5     7
   1410881 203837.9493 455451.6053     5     7
   1411084 203837.9248 455451.5557     5     7
   1411285 203837.8968 455451.5089     5     7
   1411482 203837.8680 455451.4554     5     7
   1411682 203837.8392 455451.4016     5     7
   1411893 203837.8115 455451.3415     5     7
   1412080 203837.7929 455451.2641     5     7
   1412282 203837.7471 455451.1987     5     7
   1412483 203837.7122 455451.1372     5     7
   1412683 203837.6595 455451.0383     5     7
   1412887 203837.6189 455450.9480     5     7
   1413080 203837.5803 455450.8533     5     7
   1413282 203837.5477 455450.7253     5     7
   1413485 203837.4932 455450.6302     5     7
   1413692 203837.4595 455450.5257     5     7
   1413881 203837.4138 455450.4258     5     7
   1414085 203837.3754 455450.3178     5     7
   1414284 203837.3341 455450.2169     5     7
   1414483 203837.2701 455450.1139     5     7
   1414684 203837.2064 455450.0024     5     7
   1414881 203837.1386 455449.9045     5     7
   1415086 203837.0656 455449.7997     5     7
   1415281 203837.0117 455449.6918     5     7
   1415484 203836.9353 455449.6020     5     7
   1415683 203836.8700 455449.5011     5     7
   1415879 203836.8017 455449.3881     5     7
   1416081 203836.7432 455449.2932     5     7
   1416291 203836.6659 455449.2070     5     7
   1416486 203836.5697 455449.1494     5     7
   1416678 203836.4930 455449.0704     5     7
   1416881 203836.4166 455448.9780     5     7
   1417088 203836.3718 455448.8768     5     7
   1417286 203836.2223 455448.7667     5     7
   1417483 203836.1435 455448.6808     5     7
   1417679 203836.0393 455448.5898     5     7
   1417883 203835.9595 455448.5127     5     7
   1418079 203835.8699 455448.4168     5     7
   1418278 203835.8192 455448.3360     5     7
   1418490 203835.7528 455448.2585     5     7
   1418688 203835.7160 455448.1827     5     7
   1418884 203835.6717 455448.0873     5     7
   1419086 203835.6067 455447.9714     5     7
   1419283 203835.5212 455447.8719     5     7
   1419483 203835.4548 455447.7731     5     7
   1419679 203835.3960 455447.6533     5     7
   1419881 203835.3437 455447.5000     5     7
   1420082 203835.3095 455447.3902     5     7
   1420286 203835.2776 455447.2888     5     7
   1420484 203835.2321 455447.1986     5     7
   1420685 203835.1924 455447.1034     5     7
   1420883 203835.1479 455446.9969     5     7
   1421079 203835.0606 455446.8868     5     7
   1421283 203834.9656 455446.7715     5     7
   1421494 203834.8910 455446.6563     5     7
   1421682 203834.8315 455446.5447     5     7
   1421889 203834.7735 455446.4330     5     7
   1422082 203834.7179 455446.3380     5     7
   1422282 203834.6693 455446.2443     5     7
   1422484 203834.6180 455446.1546     5     7
   1422687 203834.5485 455446.0583     5     7
   1422894 203834.4770 455445.9595     5     7
   1423101 203834.4182 455445.8529     5     7
   1423278 203834.3367 455445.7357     5     7
   1423495 203834.2540 455445.6347     5     7
   1423679 203834.1513 455445.5464     5     7
   1423881 203834.0940 455445.4495     5     6
   1424079 203834.0303 455445.3556     5     7
   1424281 203833.9725 455445.2664     5     7
   1424483 203833.9284 455445.1869     5     7
   1424678 203833.9078 455445.1236     5     7
   1424879 203833.9226 455445.0832     5     7
   1425086 203833.7128 455444.8546     5     7
   1425281 203833.6363 455444.7358     5     7
   1425486 203833.5566 455444.6245     5     7
   1425682 203833.4706 455444.5043     5     7
   1425886 203834.5171 455444.7986     5     7
   1426079 203834.4295 455444.6914     5     7
   1426279 203834.4016 455444.5984     5     7
   1426485 203834.3231 455444.5130     5     7
   1426689 203834.2964 455444.4200     5     7
   1426907 203834.2477 455444.2955     5     7
   1427090 203834.1990 455444.2114     5     7
   1427280 203834.1580 455444.1230     5     7
   1427483 203834.1389 455444.0394     5     7
   1427679 203834.1253 455444.0235     5     7
   1427889 203834.1250 455444.0383     5     7
   1428080 203834.1244 455444.0460     5     7
   1428287 203834.1243 455444.0435     5     7
   1428485 203834.1230 455444.0369     5     7
   1428680 203834.1235 455444.0424     5     7
   1428882 203834.1237 455444.0409     5     6
   1429092 203834.1205 455444.0401     5     6
   1429280 203834.1214 455444.0395     5     6
   1429486 203834.1227 455444.0411     5     6
   1429682 203834.1259 455444.0433     5     6
   1429878 203834.7038 455444.3365     5     6
   1430081 203834.7065 455444.3405     5     6
   1430276 203834.7080 455444.3342     5     6
   1430479 203834.7080 455444.3322     5     6
   1430679 203834.7074 455444.3351     5     6
   1430881 203834.7054 455444.3324     5     7
   1431086 203834.7065 455444.3339     5     7
   1431279 203834.7080 455444.3317     5     7
   1431487 203834.7076 455444.3341     5     7
   1431680 203834.7083 455444.3310     5     7
   1431878 203834.7081 455444.3333     5     7
   1432076 203834.7082 455444.3355     5     7
   1432278 203834.7082 455444.3341     5     7
   1432485 203834.7084 455444.3352     5     7
   1432679 203834.7091 455444.3346     5     7
   1432880 203834.7096 455444.3334     5     7
   1433079 203834.7089 455444.3330     5     7
   1433282 203834.7114 455444.3309     5     7
   1433488 203834.7097 455444.3325     5     7
   1433682 203834.7118 455444.3320     5     7
   1433880 203834.7106 455444.3332     5     7
   1434083 203834.7124 455444.3317     5     7
   1434277 203834.7113 455444.3343     5     7
   1434489 203834.7123 455444.3325     5     7
